red_freq, green_freq, blue_freq, value
133,138,132,2000
133,138,132,2000
129,135,128,2000
129,135,128,2000
129,135,131,2000
129,135,131,2000
127,136,131,2000
127,136,131,2000
123,118,125,2000
123,118,125,2000
110,112,99,2000
110,112,99,2000
86,91,81,2000
86,91,81,2000
77,80,85,2000
77,80,85,2000
92,99,100,2000
92,99,100,2000
90,90,90,2000
90,90,90,2000
93,95,90,2000
93,95,90,2000
88,82,85,2000
88,82,85,2000
95,94,104,2000
95,94,104,2000
103,108,99,2000
103,108,99,2000
96,92,92,2000
96,92,92,2000
92,101,102,2000
92,101,102,2000
94,104,107,2000
94,104,107,2000
100,104,104,2000
100,104,104,2000
102,108,110,2000
102,108,110,2000
102,109,110,2000
102,109,110,2000
115,108,111,2000
115,108,111,2000
117,129,116,2000
117,129,116,2000
120,118,112,2000
120,118,112,2000
112,118,103,2000
112,118,103,2000
99,106,111,2000
99,106,111,2000
114,121,112,2000
114,121,112,2000
92,86,74,2000
92,86,74,2000
76,109,113,2000
76,109,113,2000
105,108,119,2000
105,108,119,2000
119,111,108,2000
119,111,108,2000
101,101,105,2000
101,101,105,2000
96,113,106,2000
96,113,106,2000
107,109,100,2000
107,109,100,2000
102,109,97,2000
102,109,97,2000
83,93,95,2000
83,93,95,2000
94,108,82,2000
94,108,82,2000
90,111,109,2000
90,111,109,2000
112,110,98,2000
112,110,98,2000
109,123,122,2000
109,123,122,2000
99,97,102,2000
99,97,102,2000
110,127,120,2000
110,127,120,2000
97,106,111,2000
97,106,111,2000
100,109,101,2000
100,109,101,2000
87,96,83,2000
87,96,83,2000
89,98,86,2000
89,98,86,2000
85,89,93,2000
85,89,93,2000
103,88,79,2000
103,88,79,2000
74,83,89,2000
74,83,89,2000
82,83,79,2000
82,83,79,2000
79,96,91,2000
79,96,91,2000
83,88,81,2000
83,88,81,2000
94,100,85,2000
94,100,85,2000
87,94,95,2000
87,94,95,2000
110,114,98,2000
110,114,98,2000
105,121,123,2000
105,121,123,2000
114,109,110,2000
114,109,110,2000
95,103,96,2000
95,103,96,2000
98,74,75,2000
98,74,75,2000
58,89,67,2000
58,89,67,2000
69,75,76,2000
69,75,76,2000
79,75,71,2000
79,75,71,2000
92,123,117,2000
92,123,117,2000
122,137,138,2000
122,137,138,2000
125,138,129,2000
125,138,129,2000
121,135,134,2000
121,135,134,2000
126,129,129,2000
126,129,129,2000
132,141,143,2000
132,141,143,2000
123,138,130,2000
123,138,130,2000
116,122,126,2000
116,122,126,2000
114,119,99,2000
114,119,99,2000
85,82,85,2000
85,82,85,2000
88,106,111,2000
88,106,111,2000
104,118,125,2000
104,118,125,2000
108,108,113,2000
108,108,113,2000
120,133,122,2000
120,133,122,2000
122,127,119,2000
122,127,119,2000
124,137,134,2000
124,137,134,2000
120,117,116,2000
120,117,116,2000
101,113,113,2000
101,113,113,2000
116,115,112,2000
116,115,112,2000
121,151,149,2000
121,151,149,2000
98,105,105,2000
98,105,105,2000
114,126,100,2000
114,126,100,2000
100,116,121,2000
100,116,121,2000
103,132,138,2000
103,132,138,2000
106,100,75,2000
106,100,75,2000
73,83,105,2000
73,83,105,2000
103,120,109,2000
103,120,109,2000
113,158,155,2000
113,158,155,2000
95,85,83,2000
95,85,83,2000
84,94,90,2000
84,94,90,2000
100,117,120,2000
100,117,120,2000
116,131,147,2000
116,131,147,2000
112,96,89,2000
112,96,89,2000
53,65,74,2000
53,65,74,2000
92,76,87,2000
92,76,87,2000
89,110,151,2000
89,110,151,2000
104,138,109,2000
104,138,109,2000
131,126,128,2000
131,126,128,2000
113,105,109,2000
113,105,109,2000
104,86,57,2000
104,86,57,2000
60,61,62,2000
60,61,62,2000
73,92,98,2000
73,92,98,2000
95,96,102,2000
95,96,102,2000
85,91,66,2000
85,91,66,2000
75,72,71,2000
75,72,71,2000
79,83,104,2000
79,83,104,2000
103,106,108,2000
103,106,108,2000
136,144,99,2000
136,144,99,2000
113,96,117,2000
113,96,117,2000
128,142,125,2000
128,142,125,2000
108,117,99,2000
108,117,99,2000
68,82,78,2000
68,82,78,2000
63,57,73,2000
63,57,73,2000
96,135,135,2000
96,135,135,2000
120,149,162,2000
120,149,162,2000
138,147,138,2000
138,147,138,2000
113,113,105,2000
113,113,105,2000
96,83,79,2000
96,83,79,2000
83,105,132,2000
83,105,132,2000
125,125,123,2000
125,125,123,2000
115,119,113,2000
115,119,113,2000
111,105,98,2000
111,105,98,2000
105,121,113,2000
105,121,113,2000
104,104,102,2000
104,104,102,2000
104,111,112,2000
104,111,112,2000
104,104,110,2000
104,104,110,2000
89,79,76,2000
89,79,76,2000
74,78,75,2000
74,78,75,2000
76,81,80,2000
76,81,80,2000
75,78,75,2000
75,78,75,2000
74,81,75,2000
74,81,75,2000
86,116,114,2000
86,116,114,2000
108,127,143,2000
108,127,143,2000
134,134,120,2000
134,134,120,2000
110,117,111,2000
110,117,111,2000
106,122,134,2000
106,122,134,2000
140,155,164,2000
140,155,164,2000
133,137,124,2000
133,137,124,2000
120,120,116,2000
120,120,116,2000
114,110,93,2000
114,110,93,2000
86,90,91,2000
86,90,91,2000
88,92,98,2000
88,92,98,2000
132,152,145,2000
132,152,145,2000
141,158,164,2000
141,158,164,2000
136,125,132,2000
136,125,132,2000
157,167,143,2000
157,167,143,2000
134,149,181,2000
134,149,181,2000
110,101,93,2000
110,101,93,2000
89,84,85,2000
89,84,85,2000
82,83,80,2000
82,83,80,2000
77,82,81,2000
77,82,81,2000
81,84,81,2000
81,84,81,2000
79,83,82,2000
79,83,82,2000
81,87,84,2000
81,87,84,2000
82,86,84,2000
82,86,84,2000
82,92,94,2000
82,92,94,2000
89,93,91,2000
89,93,91,2000
86,92,91,2000
86,92,91,2000
90,95,93,2000
90,95,93,2000
91,96,93,2000
91,96,93,2000
92,97,93,2000
92,97,93,2000
91,95,93,2000
91,95,93,2000
91,95,93,2000
91,95,93,2000
90,96,93,2000
90,96,93,2000
90,96,93,2000
90,96,93,2000
90,94,90,2000
90,94,90,2000
86,93,88,2000
86,93,88,2000
122,175,201,2000
122,175,201,2000
149,145,125,2000
149,145,125,2000
107,114,111,2000
107,114,111,2000
117,161,185,2000
117,161,185,2000
120,135,131,2000
120,135,131,2000
131,136,137,2000
131,136,137,2000
136,144,138,2000
136,144,138,2000
132,141,135,2000
132,141,135,2000
132,139,133,2000
132,139,133,2000
133,143,137,2000
133,143,137,2000
122,131,126,2000
122,131,126,2000
128,137,126,2000
128,137,126,2000
119,125,121,2000
119,125,121,2000
122,136,133,2000
122,136,133,2000
132,136,128,2000
132,136,128,2000
121,135,132,2000
121,135,132,2000
118,125,121,2000
118,125,121,2000
117,132,144,2000
117,132,144,2000
124,131,129,2000
124,131,129,2000
120,128,128,2000
120,128,128,2000
117,134,136,2000
117,134,136,2000
121,138,134,2000
121,138,134,2000
120,131,129,2000
120,131,129,2000
121,134,131,2000
121,134,131,2000
125,137,131,2000
125,137,131,2000
120,129,126,2000
120,129,126,2000
128,126,116,2000
128,126,116,2000
125,141,131,2000
125,141,131,2000
114,133,136,2000
114,133,136,2000
128,142,140,2000
128,142,140,2000
117,127,124,2000
118,124,121,2000
118,124,121,2000
114,127,129,2000
114,127,129,2000
121,130,119,2000
121,130,119,2000
109,120,114,2000
109,120,114,2000
118,127,116,2000
118,127,116,2000
105,102,100,2000
117,127,124,2000
105,102,100,2000
104,119,115,2000
104,119,115,2000
109,108,98,2000
109,108,98,2000
87,91,80,2000
87,91,80,2000
81,106,115,2000
81,106,115,2000
108,118,93,2000
108,118,93,2000
78,98,108,2000
78,98,108,2000
108,79,82,2000
108,79,82,2000
101,65,74,2000
101,65,74,2000
90,103,103,2000
90,103,103,2000
76,81,72,2000
76,81,72,2000
70,77,81,2000
70,77,81,2000
80,102,107,2000
80,102,107,2000
106,104,105,2000
106,104,105,2000
102,124,125,2000
102,124,125,2000
137,156,146,2000
137,156,146,2000
140,149,146,2000
140,149,146,2000
138,150,146,2000
138,150,146,2000
136,148,145,2000
136,148,145,2000
136,148,145,2000
136,148,145,2000
136,147,144,2000
136,147,144,2000
136,148,145,2000
136,148,145,2000
137,147,143,2000
137,147,143,2000
135,147,143,2000
135,147,143,2000
137,147,144,2000
137,147,144,2000
137,147,144,2000
137,147,144,2000
135,147,143,2000
135,147,143,2000
135,146,145,2000
135,146,145,2000
136,146,143,2000
136,146,143,2000
134,146,143,2000
134,146,143,2000
134,145,143,2000
134,145,143,2000
146,147,129,2000
146,147,129,2000
125,132,127,2000
125,132,127,2000
120,127,121,2000
120,127,121,2000
114,122,118,2000
114,122,118,2000
116,124,119,2000
116,124,119,2000
113,104,100,2000
113,104,100,2000
110,126,122,2000
110,126,122,2000
115,123,121,2000
115,123,121,2000
119,125,123,2000
119,125,123,2000
114,100,92,2000
114,100,92,2000
112,137,148,2000
112,137,148,2000
143,159,148,2000
143,159,148,2000
124,135,114,2000
124,135,114,2000
80,95,112,2000
80,95,112,2000
130,128,126,2000
130,128,126,2000
118,126,117,2000
118,126,117,2000
117,131,114,2000
117,131,114,2000
104,78,65,2000
104,78,65,2000
72,79,100,2000
72,79,100,2000
107,109,95,2000
107,109,95,2000
84,79,71,2000
84,79,71,2000
72,79,80,2000
72,79,80,2000
81,98,102,2000
81,98,102,2000
102,114,113,2000
102,114,113,2000
109,117,115,2000
109,117,115,2000
112,132,131,2000
112,132,131,2000
134,145,134,2000
134,145,134,2000
112,116,118,2000
112,116,118,2000
123,140,130,2000
123,140,130,2000
127,135,125,2000
127,135,125,2000
128,138,128,2000
128,138,128,2000
127,132,93,2000
127,132,93,2000
93,138,140,2000
93,138,140,2000
128,138,134,2000
128,138,134,2000
129,144,146,2000
129,144,146,2000
138,126,115,2000
138,126,115,2000
115,122,122,2000
115,122,122,2000
114,121,123,2000
114,121,123,2000
121,130,127,2000
121,130,127,2000
123,134,130,2000
123,134,130,2000
132,147,147,2000
132,147,147,2000
131,139,137,2000
131,139,137,2000
131,137,132,2000
131,137,132,2000
139,162,158,2000
139,162,158,2000
142,151,150,2000
142,151,150,2000
146,156,158,2000
146,156,158,2000
152,157,151,2000
152,157,151,2000
142,151,148,2000
142,151,148,2000
139,147,142,2000
139,147,142,2000
140,153,152,2000
140,153,152,2000
145,152,144,2000
145,152,144,2000
132,144,146,2000
132,144,146,2000
142,159,161,2000
142,159,161,2000
153,169,166,2000
153,169,166,2000
142,150,145,2000
142,150,145,2000
133,146,142,2000
133,146,142,2000
137,159,140,2000
137,159,140,2000
130,149,149,2000
130,149,149,2000
136,145,144,2000
136,145,144,2000
137,150,147,2000
137,150,147,2000
145,159,156,2000
145,159,156,2000
143,160,160,2000
143,160,160,2000
151,161,156,2000
151,161,156,2000
148,164,159,2000
148,164,159,2000
93,117,111,2000
93,117,111,2000
101,98,93,2000
101,98,93,2000
102,127,132,2000
102,127,132,2000
91,111,93,2000
91,111,93,2000
108,154,128,2000
108,154,128,2000
88,95,70,2000
88,95,70,2000
83,106,109,2000
83,106,109,2000
100,78,55,2000
100,78,55,2000
52,63,110,2000
52,63,110,2000
103,115,99,2000
103,115,99,2000
52,73,91,2000
52,73,91,2000
91,123,133,2000
91,123,133,2000
84,121,103,2000
84,121,103,2000
111,124,129,2000
111,124,129,2000
126,136,136,2000
126,136,136,2000
127,131,131,2000
127,131,131,2000
123,133,133,2000
123,133,133,2000
119,131,129,2000
119,131,129,2000
129,148,129,2000
129,148,129,2000
113,123,111,2000
113,123,111,2000
108,112,98,2000
108,112,98,2000
98,113,117,2000
98,113,117,2000
113,127,122,2000
113,127,122,2000
110,105,94,2000
110,105,94,2000
98,95,85,2000
98,95,85,2000
72,69,68,2000
72,69,68,2000
71,99,117,2000
71,99,117,2000
77,97,95,2000
77,97,95,2000
98,102,104,2000
98,102,104,2000
120,145,77,2000
120,145,77,2000
107,115,104,2000
107,115,104,2000
79,119,100,2000
79,119,100,2000
92,99,60,2000
92,99,60,2000
83,98,93,2000
83,98,93,2000
92,98,112,2000
92,98,112,2000
107,110,109,2000
107,110,109,2000
109,121,116,2000
109,121,116,2000
112,102,90,2000
112,102,90,2000
89,103,81,2000
89,103,81,2000
78,98,107,2000
78,98,107,2000
110,121,93,2000
110,121,93,2000
82,117,114,2000
82,117,114,2000
106,114,107,2000
106,114,107,2000
92,97,100,2000
92,97,100,2000
109,124,114,2000
109,124,114,2000
105,112,115,2000
105,112,115,2000
108,119,110,2000
108,119,110,2000
98,100,105,2000
98,100,105,2000
93,83,96,2000
93,83,96,2000
93,114,108,2000
93,114,108,2000
105,113,106,2000
105,113,106,2000
103,104,106,2000
103,104,106,2000
103,111,106,2000
103,111,106,2000
101,111,106,2000
101,111,106,2000
103,108,102,2000
103,108,102,2000
105,110,113,2000
105,110,113,2000
104,112,112,2000
104,112,112,2000
110,120,118,2000
110,120,118,2000
111,114,85,2000
111,114,85,2000
82,109,116,2000
82,109,116,2000
99,99,98,2000
99,99,98,2000
107,118,110,2000
107,118,110,2000
100,108,106,2000
100,108,106,2000
106,117,117,2000
106,117,117,2000
112,106,104,2000
112,106,104,2000
98,109,112,2000
98,109,112,2000
101,115,104,2000
101,115,104,2000
92,99,101,2000
92,99,101,2000
107,115,108,2000
107,115,108,2000
106,110,104,2000
106,110,104,2000
105,111,117,2000
105,111,117,2000
108,112,105,2000
108,112,105,2000
96,103,106,2000
96,103,106,2000
103,110,104,2000
103,110,104,2000
97,117,97,2000
97,117,97,2000
92,103,112,2000
92,103,112,2000
111,111,107,2000
111,111,107,2000
108,119,113,2000
108,119,113,2000
110,116,116,2000
110,116,116,2000
96,99,94,2000
96,99,94,2000
98,101,89,2000
98,101,89,2000
71,86,93,2000
71,86,93,2000
88,92,91,2000
88,92,91,2000
93,107,106,2000
93,107,106,2000
100,102,108,2000
100,102,108,2000
100,97,105,2000
100,97,105,2000
111,113,108,2000
111,113,108,2000
104,118,108,2000
104,118,108,2000
108,121,117,2000
108,121,117,2000
102,122,111,2000
102,122,111,2000
105,114,108,2000
105,114,108,2000
104,113,100,2000
104,113,100,2000
103,104,114,2000
103,104,114,2000
104,109,107,2000
104,109,107,2000
113,115,114,2000
113,115,114,2000
115,119,103,2000
115,119,103,2000
104,112,115,2000
104,112,115,2000
106,120,120,2000
106,120,120,2000
112,113,104,2000
112,113,104,2000
100,115,121,2000
100,115,121,2000
105,112,101,2000
105,112,101,2000
105,108,102,2000
105,108,102,2000
97,103,89,2000
97,103,89,2000
90,120,104,2000
90,120,104,2000
106,109,114,2000
106,109,114,2000
112,125,122,2000
112,125,122,2000
111,123,128,2000
111,123,128,2000
131,153,159,2000
131,153,159,2000
110,88,62,2000
110,88,62,2000
57,66,64,2000
57,66,64,2000
56,62,68,2000
56,62,68,2000
70,75,69,2000
70,75,69,2000
68,78,89,2000
68,78,89,2000
101,111,105,2000
101,111,105,2000
87,73,70,2000
87,73,70,2000
67,72,69,2000
67,72,69,2000
77,84,79,2000
77,84,79,2000
76,75,71,2000
76,75,71,2000
69,76,71,2000
69,76,71,2000
69,75,69,2000
69,75,69,2000
69,71,71,2000
69,71,71,2000
75,81,73,2000
75,81,73,2000
70,72,66,2000
70,72,66,2000
65,70,70,2000
65,70,70,2000
75,79,74,2000
75,79,74,2000
78,89,87,2000
78,89,87,2000
85,109,109,2000
85,109,109,2000
107,110,104,2000
107,110,104,2000
92,99,103,2000
92,99,103,2000
109,117,104,2000
109,117,104,2000
97,107,107,2000
97,107,107,2000
104,106,99,2000
104,106,99,2000
88,93,87,2000
88,93,87,2000
91,101,99,2000
91,101,99,2000
88,109,101,2000
88,109,101,2000
94,92,96,2000
94,92,96,2000
98,106,99,2000
98,106,99,2000
84,81,72,2000
84,81,72,2000
81,97,107,2000
81,97,107,2000
108,112,111,2000
108,112,111,2000
101,107,109,2000
101,107,109,2000
106,116,110,2000
106,116,110,2000
100,104,104,2000
100,104,104,2000
107,125,117,2000
107,125,117,2000
108,110,109,2000
108,110,109,2000
104,118,118,2000
104,118,118,2000
112,116,115,2000
112,116,115,2000
116,128,127,2000
116,128,127,2000
64,67,65,2000
64,67,65,2000
65,68,64,2000
65,68,64,2000
63,71,68,2000
63,71,68,2000
79,113,114,2000
79,113,114,2000
107,116,110,2000
107,116,110,2000
98,95,71,2000
98,95,71,2000
65,66,72,2000
65,66,72,2000
89,95,66,2000
89,95,66,2000
68,71,64,2000
68,71,64,2000
59,58,64,2000
59,58,64,2000
67,75,70,2000
67,75,70,2000
66,73,70,2000
66,73,70,2000
67,72,77,2000
67,72,77,2000
80,84,76,2000
80,84,76,2000
85,101,98,2000
85,101,98,2000
90,91,87,2000
90,91,87,2000
84,99,102,2000
84,99,102,2000
100,108,106,2000
100,108,106,2000
105,114,110,2000
105,114,110,2000
103,106,101,2000
103,106,101,2000
92,139,129,5000
92,139,129,5000
104,109,112,5000
104,109,112,5000
93,111,114,5000
93,111,114,5000
107,127,134,5000
107,127,134,5000
112,125,122,5000
112,125,122,5000
90,106,101,5000
90,106,101,5000
104,124,108,5000
104,124,108,5000
98,119,115,5000
98,119,115,5000
97,122,124,5000
97,122,124,5000
99,114,112,5000
99,114,112,5000
100,106,106,5000
100,106,106,5000
91,93,99,5000
91,93,99,5000
97,118,118,5000
97,118,118,5000
100,110,105,5000
100,110,105,5000
95,111,112,5000
95,111,112,5000
94,124,131,5000
94,124,131,5000
113,131,128,5000
113,131,128,5000
110,124,120,5000
110,124,120,5000
107,126,127,5000
107,126,127,5000
108,126,126,5000
108,126,126,5000
113,128,127,5000
113,128,127,5000
112,130,132,5000
112,130,132,5000
114,133,129,5000
114,133,129,5000
113,126,127,5000
113,126,127,5000
113,128,130,5000
113,128,130,5000
117,127,117,5000
117,127,117,5000
95,103,116,5000
95,103,116,5000
103,119,125,5000
103,119,125,5000
108,123,118,5000
108,123,118,5000
98,112,113,5000
98,112,113,5000
108,127,124,5000
108,127,124,5000
74,77,81,5000
74,77,81,5000
58,90,79,5000
58,90,79,5000
49,70,69,5000
49,70,69,5000
62,67,70,5000
62,67,70,5000
78,96,105,5000
78,96,105,5000
88,87,107,5000
88,87,107,5000
86,97,97,5000
86,97,97,5000
98,100,104,5000
98,100,104,5000
94,111,117,5000
94,111,117,5000
111,124,101,5000
111,124,101,5000
84,103,107,5000
84,103,107,5000
101,114,106,5000
101,114,106,5000
91,81,61,5000
91,81,61,5000
56,64,49,5000
56,64,49,5000
59,90,48,5000
59,90,48,5000
44,66,50,5000
44,66,50,5000
38,58,91,5000
38,58,91,5000
66,47,63,5000
66,47,63,5000
115,131,112,5000
115,131,112,5000
60,115,132,5000
60,115,132,5000
107,116,103,5000
107,116,103,5000
86,120,120,5000
86,120,120,5000
83,118,117,5000
83,118,117,5000
91,64,62,5000
91,64,62,5000
55,66,71,5000
55,66,71,5000
91,131,138,5000
91,131,138,5000
120,138,131,5000
120,138,131,5000
108,119,121,5000
108,119,121,5000
107,123,118,5000
107,123,118,5000
101,119,115,5000
101,119,115,5000
99,121,127,5000
99,121,127,5000
109,121,119,5000
109,121,119,5000
97,115,107,5000
97,115,107,5000
96,111,118,5000
96,111,118,5000
110,121,100,5000
110,121,100,5000
98,106,104,5000
98,106,104,5000
91,98,101,5000
91,98,101,5000
104,132,131,5000
104,132,131,5000
98,109,110,5000
98,109,110,5000
103,126,138,5000
103,126,138,5000
118,124,124,5000
118,124,124,5000
113,133,129,5000
113,133,129,5000
114,136,138,5000
114,136,138,5000
123,151,160,5000
123,151,160,5000
114,124,120,5000
114,124,120,5000
102,113,113,5000
102,113,113,5000
101,131,146,5000
101,131,146,5000
94,112,107,5000
94,112,107,5000
127,166,169,5000
127,166,169,5000
99,155,167,5000
99,155,167,5000
119,137,169,5000
119,137,169,5000
106,117,61,5000
106,117,61,5000
49,99,107,5000
49,99,107,5000
47,52,76,5000
47,52,76,5000
81,103,91,5000
81,103,91,5000
62,96,126,5000
62,96,126,5000
94,109,140,5000
94,109,140,5000
76,151,146,5000
76,151,146,5000
120,145,145,5000
120,145,145,5000
92,128,163,5000
92,128,163,5000
90,114,143,5000
90,114,143,5000
113,144,126,5000
113,144,126,5000
107,125,137,5000
107,125,137,5000
118,135,134,5000
118,135,134,5000
120,138,135,5000
120,138,135,5000
106,137,142,5000
106,137,142,5000
128,149,149,5000
128,149,149,5000
125,145,132,5000
125,145,132,5000
116,123,121,5000
116,123,121,5000
111,128,118,5000
111,128,118,5000
94,114,117,5000
94,114,117,5000
117,139,134,5000
117,139,134,5000
115,130,126,5000
115,130,126,5000
115,130,130,5000
115,130,130,5000
116,128,132,5000
116,128,132,5000
116,128,128,5000
116,128,128,5000
108,126,125,5000
108,126,125,5000
105,126,136,5000
105,126,136,5000
121,132,126,5000
121,132,126,5000
114,127,123,5000
114,127,123,5000
116,144,139,5000
116,144,139,5000
122,138,148,5000
122,138,148,5000
119,129,124,5000
119,129,124,5000
114,131,134,5000
114,131,134,5000
120,135,138,5000
120,135,138,5000
121,136,129,5000
121,136,129,5000
114,153,161,5000
114,153,161,5000
127,132,127,5000
127,132,127,5000
118,152,160,5000
118,152,160,5000
103,160,167,5000
103,160,167,5000
77,102,144,5000
77,102,144,5000
126,106,69,5000
126,106,69,5000
65,106,114,5000
65,106,114,5000
88,63,88,5000
88,63,88,5000
96,94,76,5000
96,94,76,5000
90,118,115,5000
90,118,115,5000
60,97,138,5000
60,97,138,5000
114,88,85,5000
114,88,85,5000
132,165,157,5000
132,165,157,5000
128,154,156,5000
128,154,156,5000
132,151,153,5000
132,151,153,5000
128,151,149,5000
128,151,149,5000
130,149,151,5000
130,149,151,5000
131,149,151,5000
131,149,151,5000
132,151,151,5000
132,151,151,5000
131,150,149,5000
131,150,149,5000
133,152,152,5000
133,152,152,5000
131,150,150,5000
131,150,150,5000
133,153,155,5000
133,153,155,5000
115,121,128,5000
115,121,128,5000
109,122,146,5000
109,122,146,5000
141,161,164,5000
141,161,164,5000
99,97,80,5000
99,97,80,5000
69,81,72,5000
69,81,72,5000
74,74,77,5000
74,74,77,5000
74,83,84,5000
74,83,84,5000
86,101,107,5000
86,101,107,5000
92,104,104,5000
92,104,104,5000
92,106,106,5000
92,106,106,5000
89,104,108,5000
89,104,108,5000
89,99,97,5000
89,99,97,5000
77,93,104,5000
77,93,104,5000
101,109,86,5000
101,109,86,5000
68,115,122,5000
68,115,122,5000
90,86,84,5000
90,86,84,5000
83,84,110,5000
83,84,110,5000
47,45,50,5000
47,45,50,5000
70,91,98,5000
70,91,98,5000
95,89,55,5000
95,89,55,5000
46,77,103,5000
46,77,103,5000
101,113,95,5000
101,113,95,5000
73,68,50,5000
73,68,50,5000
47,45,48,5000
47,45,48,5000
44,56,64,5000
44,56,64,5000
56,52,46,5000
56,52,46,5000
43,48,58,5000
43,48,58,5000
63,74,84,5000
63,74,84,5000
77,81,53,5000
77,81,53,5000
62,48,41,5000
62,48,41,5000
42,62,68,5000
42,62,68,5000
81,140,144,5000
81,140,144,5000
36,37,41,5000
36,37,41,5000
79,129,153,5000
79,129,153,5000
46,84,115,5000
46,84,115,5000
128,157,165,5000
128,157,165,5000
41,42,49,5000
41,42,49,5000
54,113,141,5000
54,113,141,5000
44,46,45,5000
44,46,45,5000
48,68,79,5000
48,68,79,5000
123,146,152,5000
123,146,152,5000
93,58,42,5000
93,58,42,5000
42,64,96,5000
42,64,96,5000
120,147,144,5000
120,147,144,5000
73,89,84,5000
73,89,84,5000
84,118,128,5000
84,118,128,5000
127,156,141,5000
127,156,141,5000
41,53,95,5000
41,53,95,5000
120,187,199,5000
120,187,199,5000
165,197,183,5000
165,197,183,5000
109,109,124,5000
109,109,124,5000
123,186,190,5000
123,186,190,5000
146,154,127,5000
146,154,127,5000
116,127,134,5000
116,127,134,5000
122,159,166,5000
122,159,166,5000
91,106,124,5000
91,106,124,5000
130,166,168,5000
130,166,168,5000
95,95,116,5000
95,95,116,5000
133,165,172,5000
133,165,172,5000
68,69,83,5000
68,69,83,5000
80,82,79,5000
80,82,79,5000
61,85,90,5000
61,85,90,5000
69,63,89,5000
69,63,89,5000
87,108,115,5000
87,108,115,5000
100,102,91,5000
100,102,91,5000
64,56,73,5000
64,56,73,5000
115,148,144,5000
115,148,144,5000
106,94,99,5000
106,94,99,5000
107,137,145,5000
107,137,145,5000
116,114,90,5000
116,114,90,5000
84,104,118,5000
84,104,118,5000
121,132,114,5000
121,132,114,5000
72,82,100,5000
72,82,100,5000
116,142,135,5000
116,142,135,5000
98,85,80,5000
98,85,80,5000
94,126,135,5000
94,126,135,5000
128,109,89,5000
128,109,89,5000
77,120,141,5000
77,120,141,5000
131,136,106,5000
131,136,106,5000
77,94,109,5000
77,94,109,5000
118,144,134,5000
118,144,134,5000
101,117,126,5000
101,117,126,5000
117,135,144,5000
117,135,144,5000
132,147,142,5000
132,147,142,5000
133,149,150,5000
133,149,150,5000
126,140,145,5000
126,140,145,5000
133,148,148,5000
133,148,148,5000
139,154,152,5000
139,154,152,5000
135,135,124,5000
135,135,124,5000
105,122,142,5000
105,122,142,5000
139,145,103,5000
139,145,103,5000
69,104,132,5000
69,104,132,5000
116,103,92,5000
116,103,92,5000
78,101,112,5000
78,101,112,5000
104,112,96,5000
104,112,96,5000
73,64,68,5000
73,64,68,5000
94,124,121,5000
94,124,121,5000
91,63,61,5000
91,63,61,5000
77,110,122,5000
77,110,122,5000
112,119,103,5000
112,119,103,5000
65,90,96,5000
65,90,96,5000
97,127,130,5000
97,127,130,5000
111,96,71,5000
111,96,71,5000
77,114,129,5000
77,114,129,5000
113,122,115,5000
113,122,115,5000
97,95,90,5000
97,95,90,5000
78,85,88,5000
78,85,88,5000
79,87,89,5000
79,87,89,5000
85,100,89,5000
85,100,89,5000
85,89,92,5000
85,89,92,5000
91,113,112,5000
91,113,112,5000
95,103,93,5000
95,103,93,5000
92,104,103,5000
92,104,103,5000
96,101,100,5000
96,101,100,5000
92,102,105,5000
92,102,105,5000
95,97,96,5000
95,97,96,5000
98,113,117,5000
98,113,117,5000
110,117,110,5000
110,117,110,5000
103,117,128,5000
103,117,128,5000
112,119,126,5000
112,119,126,5000
138,157,147,5000
138,157,147,5000
132,147,147,5000
132,147,147,5000
143,159,152,5000
143,159,152,5000
133,108,100,5000
133,108,100,5000
104,124,139,5000
104,124,139,5000
133,144,142,5000
133,144,142,5000
120,139,143,5000
120,139,143,5000
138,154,150,5000
138,154,150,5000
106,117,130,5000
106,117,130,5000
143,169,167,5000
143,169,167,5000
127,137,141,5000
127,137,141,5000
134,156,155,5000
134,156,155,5000
148,166,172,5000
148,166,172,5000
149,167,158,5000
149,167,158,5000
137,153,160,5000
137,153,160,5000
138,152,151,5000
138,152,151,5000
138,162,164,5000
138,162,164,5000
123,129,142,5000
123,129,142,5000
132,146,142,5000
132,146,142,5000
120,129,133,5000
120,129,133,5000
114,113,113,5000
114,113,113,5000
121,163,160,5000
121,163,160,5000
137,130,126,5000
137,130,126,5000
126,152,160,5000
126,152,160,5000
131,124,124,5000
131,124,124,5000
125,152,149,5000
125,152,149,5000
109,118,128,5000
109,118,128,5000
135,158,155,5000
135,158,155,5000
122,132,132,5000
122,132,132,5000
140,170,165,5000
140,170,165,5000
125,140,152,5000
125,140,152,5000
147,165,134,5000
147,165,134,5000
105,129,135,5000
105,129,135,5000
144,154,122,5000
144,154,122,5000
94,112,137,5000
94,112,137,5000
146,155,143,5000
146,155,143,5000
105,114,109,5000
105,114,109,5000
93,93,88,5000
93,93,88,5000
78,86,85,5000
78,86,85,5000
78,87,110,5000
78,87,110,5000
120,146,148,5000
120,146,148,5000
135,151,149,5000
135,151,149,5000
128,142,132,5000
128,142,132,5000
99,91,93,5000
99,91,93,5000
70,87,83,5000
70,87,83,5000
87,109,127,5000
87,109,127,5000
109,107,78,5000
109,107,78,5000
68,54,43,5000
68,54,43,5000
43,99,104,5000
43,99,104,5000
111,109,77,5000
111,109,77,5000
57,103,133,5000
57,103,133,5000
129,143,116,5000
129,143,116,5000
93,110,129,5000
93,110,129,5000
136,166,159,5000
136,166,159,5000
106,122,151,5000
106,122,151,5000
97,88,77,5000
97,88,77,5000
112,155,175,5000
112,155,175,5000
103,151,171,5000
103,151,171,5000
110,119,128,5000
110,119,128,5000
144,177,185,5000
144,177,185,5000
92,114,161,5000
92,114,161,5000
84,108,141,5000
84,108,141,5000
94,113,140,5000
94,113,140,5000
103,107,110,5000
103,107,110,5000
125,156,168,5000
125,156,168,5000
85,122,134,5000
85,122,134,5000
67,67,64,5000
67,67,64,5000
54,56,51,5000
54,56,51,5000
81,102,120,5000
81,102,120,5000
124,140,122,5000
124,140,122,5000
72,59,46,5000
72,59,46,5000
60,108,122,5000
60,108,122,5000
117,113,99,5000
117,113,99,5000
64,47,56,5000
64,47,56,5000
96,127,147,5000
96,127,147,5000
72,54,49,5000
72,54,49,5000
60,102,119,5000
60,102,119,5000
128,132,101,5000
128,132,101,5000
57,50,50,5000
57,50,50,5000
94,132,149,5000
94,132,149,5000
119,89,57,5000
119,89,57,5000
35,49,94,5000
35,49,94,5000
120,156,160,5000
120,156,160,5000
76,58,49,5000
76,58,49,5000
62,114,150,5000
62,114,150,5000
109,109,113,5000
109,109,113,5000
122,158,161,5000
122,158,161,5000
116,116,112,5000
116,116,112,5000
109,134,158,5000
109,134,158,5000
72,56,73,5000
72,56,73,5000
103,150,154,5000
103,150,154,5000
110,90,53,5000
110,90,53,5000
38,53,91,5000
38,53,91,5000
113,152,150,5000
113,152,150,5000
69,51,52,5000
69,51,52,5000
80,118,141,5000
80,118,141,5000
117,121,78,5000
117,121,78,5000
51,65,105,5000
51,65,105,5000
126,155,156,5000
126,155,156,5000
102,77,74,5000
102,77,74,5000
80,115,147,5000
80,115,147,5000
139,143,128,5000
139,143,128,5000
62,50,60,5000
62,50,60,5000
95,146,160,5000
95,146,160,5000
105,79,67,5000
105,79,67,5000
60,88,124,5000
60,88,124,5000
138,157,136,5000
138,157,136,5000
84,58,43,5000
84,58,43,5000
65,110,134,5000
65,110,134,5000
121,127,110,5000
121,127,110,5000
54,48,44,5000
54,48,44,5000
73,119,139,5000
73,119,139,5000
109,103,106,5000
109,103,106,5000
104,144,158,5000
104,144,158,5000
86,68,85,5000
86,68,85,5000
111,164,171,5000
111,164,171,5000
113,112,103,5000
113,112,103,5000
101,129,156,5000
101,129,156,5000
114,117,92,5000
114,117,92,5000
120,146,155,5000
120,146,155,5000
80,62,51,5000
80,62,51,5000
81,123,141,5000
81,123,141,5000
108,88,54,5000
108,88,54,5000
54,97,139,5000
54,97,139,5000
145,159,133,5000
145,159,133,5000
86,64,68,5000
86,64,68,5000
81,123,149,5000
81,123,149,5000
121,101,74,5000
121,101,74,5000
43,60,75,5000
43,60,75,5000
97,146,144,5000
97,146,144,5000
106,110,103,5000
106,110,103,5000
70,75,77,5000
70,75,77,5000
86,82,78,5000
86,82,78,5000
94,117,95,5000
94,117,95,5000
70,63,61,5000
70,63,61,5000
65,138,146,5000
65,138,146,5000
103,81,66,5000
103,81,66,5000
55,71,116,5000
55,71,116,5000
130,133,118,5000
130,133,118,5000
77,60,63,5000
77,60,63,5000
74,115,124,5000
74,115,124,5000
100,86,66,5000
100,86,66,5000
55,85,105,5000
55,85,105,5000
114,136,131,5000
114,136,131,5000
102,102,102,5000
102,102,102,5000
84,90,115,5000
84,90,115,5000
124,144,136,5000
124,144,136,5000
98,86,72,5000
98,86,72,5000
84,101,140,5000
84,101,140,5000
61,84,84,10000
61,84,84,10000
91,102,100,10000
91,102,100,10000
116,128,97,10000
116,128,97,10000
66,55,59,10000
66,55,59,10000
87,93,93,10000
87,93,93,10000
118,137,135,10000
118,137,135,10000
54,55,91,10000
54,55,91,10000
98,117,116,10000
98,117,116,10000
132,156,152,10000
132,156,152,10000
53,53,78,10000
53,53,78,10000
108,119,111,10000
108,119,111,10000
122,138,121,10000
122,138,121,10000
73,62,82,10000
73,62,82,10000
88,99,101,10000
88,99,101,10000
118,122,90,10000
118,122,90,10000
61,51,61,10000
61,51,61,10000
75,89,79,10000
75,89,79,10000
81,86,76,10000
81,86,76,10000
92,96,82,10000
92,96,82,10000
87,88,77,10000
87,88,77,10000
83,93,91,10000
83,93,91,10000
97,106,100,10000
97,106,100,10000
105,99,87,10000
105,99,87,10000
90,105,105,10000
90,105,105,10000
119,134,121,10000
119,134,121,10000
99,93,71,10000
99,93,71,10000
84,106,106,10000
84,106,106,10000
115,127,117,10000
115,127,117,10000
112,110,98,10000
112,110,98,10000
113,131,120,10000
113,131,120,10000
110,109,84,10000
110,109,84,10000
84,96,98,10000
84,96,98,10000
113,126,111,10000
113,126,111,10000
103,99,84,10000
103,99,84,10000
86,106,106,10000
86,106,106,10000
118,126,114,10000
118,126,114,10000
93,63,51,10000
93,63,51,10000
63,91,94,10000
63,91,94,10000
111,127,130,10000
111,127,130,10000
106,99,76,10000
106,99,76,10000
84,94,93,10000
84,94,93,10000
106,127,121,10000
106,127,121,10000
107,107,88,10000
107,107,88,10000
103,121,116,10000
103,121,116,10000
123,129,114,10000
123,129,114,10000
108,103,91,10000
108,103,91,10000
102,123,120,10000
102,123,120,10000
133,137,114,10000
133,137,114,10000
89,78,75,10000
89,78,75,10000
93,109,108,10000
93,109,108,10000
112,113,99,10000
112,113,99,10000
83,76,75,10000
83,76,75,10000
87,110,108,10000
87,110,108,10000
115,118,107,10000
115,118,107,10000
106,101,74,10000
106,101,74,10000
87,110,111,10000
87,110,111,10000
119,126,110,10000
119,126,110,10000
98,92,74,10000
98,92,74,10000
82,109,109,10000
82,109,109,10000
121,126,104,10000
121,126,104,10000
97,80,62,10000
97,80,62,10000
81,99,92,10000
81,99,92,10000
101,115,104,10000
101,115,104,10000
109,102,78,10000
109,102,78,10000
49,52,45,10000
49,52,45,10000
46,63,67,10000
46,63,67,10000
82,87,48,10000
82,87,48,10000
53,55,75,10000
53,55,75,10000
100,99,48,10000
100,99,48,10000
55,55,79,10000
55,55,79,10000
93,69,51,10000
93,69,51,10000
54,106,104,10000
54,106,104,10000
107,63,51,10000
107,63,51,10000
82,116,101,10000
82,116,101,10000
83,61,81,10000
83,61,81,10000
102,81,63,10000
102,81,63,10000
99,91,76,10000
99,91,76,10000
90,84,96,10000
90,84,96,10000
99,108,96,10000
99,108,96,10000
101,109,101,10000
101,109,101,10000
103,108,98,10000
103,108,98,10000
97,104,97,10000
97,104,97,10000
97,100,92,10000
97,100,92,10000
95,103,96,10000
95,103,96,10000
98,106,96,10000
98,106,96,10000
97,105,96,10000
97,105,96,10000
98,105,98,10000
98,105,98,10000
100,108,98,10000
100,108,98,10000
100,109,106,10000
100,109,106,10000
128,150,129,10000
128,150,129,10000
127,155,135,10000
127,155,135,10000
138,149,134,10000
138,149,134,10000
134,148,121,10000
134,148,121,10000
115,129,126,10000
115,129,126,10000
124,119,89,10000
124,119,89,10000
89,75,77,10000
89,75,77,10000
100,114,101,10000
100,114,101,10000
48,37,35,10000
48,37,35,10000
51,95,88,10000
51,95,88,10000
102,113,91,10000
102,113,91,10000
52,48,60,10000
52,48,60,10000
99,106,98,10000
99,106,98,10000
79,50,41,10000
79,50,41,10000
53,85,82,10000
53,85,82,10000
45,46,43,10000
45,46,43,10000
45,74,88,10000
45,74,88,10000
85,70,59,10000
85,70,59,10000
62,96,100,10000
62,96,100,10000
111,121,105,10000
111,121,105,10000
90,77,76,10000
90,77,76,10000
105,128,113,10000
105,128,113,10000
101,94,81,10000
101,94,81,10000
127,152,133,10000
127,152,133,10000
110,98,96,10000
110,98,96,10000
92,111,94,10000
92,111,94,10000
104,102,98,10000
104,102,98,10000
109,113,89,10000
109,113,89,10000
110,124,77,10000
110,124,77,10000
82,90,98,10000
82,90,98,10000
108,126,120,10000
108,126,120,10000
100,73,40,10000
100,73,40,10000
71,122,95,10000
71,122,95,10000
59,54,59,10000
59,54,59,10000
114,116,64,10000
114,116,64,10000
55,56,51,10000
55,56,51,10000
75,75,54,10000
75,75,54,10000
49,62,82,10000
49,62,82,10000
57,61,50,10000
57,61,50,10000
70,61,47,10000
70,61,47,10000
66,62,50,10000
66,62,50,10000
54,66,47,10000
54,66,47,10000
68,82,57,10000
68,82,57,10000
56,54,52,10000
56,54,52,10000
75,58,43,10000
75,58,43,10000
57,96,88,10000
57,96,88,10000
62,39,40,10000
62,39,40,10000
45,60,96,10000
45,60,96,10000
116,92,55,10000
116,92,55,10000
53,56,50,10000
53,56,50,10000
57,63,53,10000
57,63,53,10000
57,62,55,10000
57,62,55,10000
57,60,53,10000
57,60,53,10000
56,62,62,10000
56,62,62,10000
67,79,79,10000
67,79,79,10000
70,70,63,10000
70,70,63,10000
73,76,77,10000
73,76,77,10000
70,80,89,10000
70,80,89,10000
88,92,88,10000
88,92,88,10000
92,80,89,10000
92,80,89,10000
92,97,87,10000
92,97,87,10000
97,109,102,10000
97,109,102,10000
109,119,108,10000
109,119,108,10000
110,121,110,10000
110,121,110,10000
115,128,118,10000
115,128,118,10000
123,133,125,10000
123,133,125,10000
130,144,133,10000
130,144,133,10000
134,146,134,10000
134,146,134,10000
129,136,132,10000
129,136,132,10000
116,111,89,10000
116,111,89,10000
95,114,109,10000
95,114,109,10000
93,75,72,10000
93,75,72,10000
81,89,80,10000
81,89,80,10000
80,84,77,10000
80,84,77,10000
79,71,55,10000
79,71,55,10000
51,52,47,10000
51,52,47,10000
50,54,49,10000
50,54,49,10000
53,62,68,10000
53,62,68,10000
73,58,44,10000
73,58,44,10000
59,90,91,10000
59,90,91,10000
99,85,46,10000
99,85,46,10000
53,48,44,10000
53,48,44,10000
74,103,91,10000
74,103,91,10000
65,56,52,10000
65,56,52,10000
79,106,101,10000
79,106,101,10000
78,53,45,10000
78,53,45,10000
61,100,103,10000
61,100,103,10000
104,84,55,10000
104,84,55,10000
53,75,91,10000
53,75,91,10000
106,114,75,10000
106,114,75,10000
53,47,44,10000
53,47,44,10000
58,81,86,10000
58,81,86,10000
100,86,57,10000
100,86,57,10000
47,48,45,10000
47,48,45,10000
59,78,89,10000
59,78,89,10000
85,62,44,10000
85,62,44,10000
44,51,44,10000
44,51,44,10000
61,87,96,10000
61,87,96,10000
103,104,81,10000
103,104,81,10000
48,58,65,10000
48,58,65,10000
54,47,44,10000
54,47,44,10000
46,57,67,10000
46,57,67,10000
87,88,55,10000
87,88,55,10000
51,48,45,10000
51,48,45,10000
83,107,99,10000
83,107,99,10000
88,84,42,10000
88,84,42,10000
52,77,91,10000
52,77,91,10000
101,111,77,10000
101,111,77,10000
51,58,50,10000
51,58,50,10000
56,95,99,10000
56,95,99,10000
109,112,67,10000
109,112,67,10000
46,47,59,10000
46,47,59,10000
89,116,108,10000
89,116,108,10000
84,46,45,10000
84,46,45,10000
48,96,106,10000
48,96,106,10000
104,93,47,10000
104,93,47,10000
45,52,102,10000
45,52,102,10000
120,127,102,10000
120,127,102,10000
70,50,43,10000
70,50,43,10000
59,101,101,10000
59,101,101,10000
93,65,43,10000
93,65,43,10000
50,58,67,10000
50,58,67,10000
95,112,93,10000
95,112,93,10000
50,49,48,10000
50,49,48,10000
47,55,82,10000
47,55,82,10000
106,100,66,10000
106,100,66,10000
44,54,49,10000
44,54,49,10000
91,116,102,10000
91,116,102,10000
52,57,49,10000
52,57,49,10000
51,96,103,10000
51,96,103,10000
101,74,42,10000
101,74,42,10000
49,58,51,10000
49,58,51,10000
82,113,105,10000
82,113,105,10000
102,63,41,10000
102,63,41,10000
45,55,79,10000
45,55,79,10000
115,129,102,10000
115,129,102,10000
54,46,45,10000
54,46,45,10000
51,60,53,10000
51,60,53,10000
47,65,61,10000
47,65,61,10000
65,78,84,10000
65,78,84,10000
87,67,49,10000
87,67,49,10000
51,52,57,10000
51,52,57,10000
71,78,54,10000
71,78,54,10000
49,54,54,10000
49,54,54,10000
50,55,69,10000
50,55,69,10000
91,82,48,10000
91,82,48,10000
53,54,46,10000
53,54,46,10000
47,43,41,10000
47,43,41,10000
48,56,60,10000
48,56,60,10000
106,120,112,10000
106,120,112,10000
113,119,82,10000
113,119,82,10000
61,81,113,10000
61,81,113,10000
130,142,129,10000
130,142,129,10000
65,56,52,10000
65,56,52,10000
92,117,99,10000
92,117,99,10000
65,60,51,10000
65,60,51,10000
53,79,108,10000
53,79,108,10000
117,126,116,10000
117,126,116,10000
117,110,68,10000
117,110,68,10000
58,60,50,10000
58,60,50,10000
56,55,56,10000
56,55,56,10000
102,117,106,10000
102,117,106,10000
96,61,48,10000
96,61,48,10000
54,58,49,10000
54,58,49,10000
48,52,51,10000
48,52,51,10000
61,94,106,10000
61,94,106,10000
109,114,98,10000
109,114,98,10000
63,50,50,10000
63,50,50,10000
50,51,53,10000
50,51,53,10000
84,94,58,10000
84,94,58,10000
46,51,53,10000
46,51,53,10000
97,120,109,10000
97,120,109,10000
90,57,42,10000
90,57,42,10000
48,54,84,10000
48,54,84,10000
112,124,103,10000
112,124,103,10000
68,45,45,10000
68,45,45,10000
55,51,59,10000
55,51,59,10000
89,113,113,10000
89,113,113,10000
125,124,93,10000
125,124,93,10000
46,46,43,10000
46,46,43,10000
68,105,111,10000
68,105,111,10000
118,95,48,10000
118,95,48,10000
54,62,45,10000
54,62,45,10000
66,115,106,10000
66,115,106,10000
95,76,47,10000
95,76,47,10000
49,51,56,10000
49,51,56,10000
60,61,60,10000
60,61,60,10000
75,78,65,10000
75,78,65,10000
75,81,86,10000
75,81,86,10000
90,87,60,10000
90,87,60,10000
57,76,76,10000
57,76,76,10000
81,103,87,10000
81,103,87,10000
76,80,86,10000
76,80,86,10000
99,123,118,10000
99,123,118,10000
74,83,66,10000
74,83,66,10000
87,109,114,10000
87,109,114,10000
115,110,75,10000
115,110,75,10000
57,90,110,10000
57,90,110,10000
95,96,88,10000
95,96,88,10000
96,112,116,10000
96,112,116,10000
114,116,101,10000
114,116,101,10000
106,112,108,10000
106,112,108,10000
122,123,103,10000
122,123,103,10000
100,104,94,10000
100,104,94,10000
98,108,90,10000
98,108,90,10000
97,105,94,10000
97,105,94,10000
105,121,118,10000
105,121,118,10000
102,110,105,10000
102,110,105,10000
93,137,105,10000
93,137,105,10000
101,112,89,10000
101,112,89,10000
88,96,99,10000
88,96,99,10000
112,124,94,10000
112,124,94,10000
93,92,85,10000
93,92,85,10000
107,118,98,10000
107,118,98,10000
88,70,54,10000
88,70,54,10000
57,75,89,10000
57,75,89,10000
98,109,93,10000
98,109,93,10000
72,77,68,10000
72,77,68,10000
71,90,90,10000
71,90,90,10000
93,91,73,10000
93,91,73,10000
76,75,78,10000
76,75,78,10000
88,119,113,10000
88,119,113,10000
87,108,89,10000
87,108,89,10000
89,115,116,10000
89,115,116,10000
112,113,98,10000
112,113,98,10000
101,110,100,10000
101,110,100,10000
109,134,138,10000
109,134,138,10000
114,116,108,10000
114,116,108,10000
120,141,141,10000
120,141,141,10000
107,104,104,10000
107,104,104,10000
123,143,131,10000
123,143,131,10000
118,126,122,10000
118,126,122,10000
136,160,147,10000
136,160,147,10000
117,134,135,10000
117,134,135,10000
123,135,128,10000
123,135,128,10000
136,134,118,10000
136,134,118,10000
91,114,115,10000
91,114,115,10000
119,157,150,10000
119,157,150,10000
71,108,131,10000
71,108,131,10000
127,75,86,10000
127,75,86,10000
100,103,93,10000
100,103,93,10000
129,139,125,10000
129,139,125,10000
99,87,92,10000
99,87,92,10000
103,123,121,10000
103,123,121,10000
136,146,132,10000
136,146,132,10000
113,109,113,10000
113,109,113,10000
112,132,125,10000
112,132,125,10000
112,106,121,10000
112,106,121,10000
145,168,133,10000
145,168,133,10000
116,145,137,10000
116,145,137,10000
115,124,127,10000
115,124,127,10000
120,145,137,10000
120,145,137,10000
118,138,139,10000
118,138,139,10000
104,75,58,10000
104,75,58,10000
81,125,151,10000
81,125,151,10000
146,154,116,10000
146,154,116,10000
62,63,105,10000
62,63,105,10000
114,79,53,10000
114,79,53,10000
88,133,131,10000
88,133,131,10000
122,127,108,10000
122,127,108,10000
71,56,55,10000
71,56,55,10000
89,144,140,10000
89,144,140,10000
109,113,92,10000
109,113,92,10000
84,93,84,10000
84,93,84,10000
103,140,136,10000
103,140,136,10000
93,73,60,10000
93,73,60,10000
99,145,145,10000
99,145,145,10000
97,89,68,10000
97,89,68,10000
54,66,85,10000
54,66,85,10000
116,125,114,10000
116,125,114,10000
117,128,117,10000
117,128,117,10000
115,125,117,10000
115,125,117,10000
113,110,61,10000
113,110,61,10000
49,78,123,10000
49,78,123,10000
130,125,86,10000
130,125,86,10000
51,53,67,10000
51,53,67,10000
123,142,124,10000
123,142,124,10000
94,71,70,10000
94,71,70,10000
78,92,82,10000
78,92,82,10000
97,129,129,10000
97,129,129,10000
120,107,75,10000
120,107,75,10000
58,97,122,10000
58,97,122,10000
117,109,69,10000
117,109,69,10000
92,122,114,10000
92,122,114,10000
114,107,67,10000
114,107,67,10000
84,105,112,10000
84,105,112,10000
115,120,108,10000
115,120,108,10000
102,115,108,10000
102,115,108,10000
94,87,96,10000
94,87,96,10000
103,123,123,10000
103,123,123,10000
121,123,87,10000
121,123,87,10000
74,103,111,10000
74,103,111,10000
109,122,113,10000
109,122,113,10000
111,120,110,10000
111,120,110,10000
110,119,112,10000
110,119,112,10000
110,117,92,10000
110,117,92,10000
66,75,98,10000
66,75,98,10000
106,111,109,10000
106,111,109,10000
107,115,117,10000
107,115,117,10000
113,122,114,10000
113,122,114,10000
114,130,114,10000
114,130,114,10000
74,65,59,10000
74,65,59,10000
74,122,134,10000
74,122,134,10000
132,134,86,10000
132,134,86,10000
57,72,74,10000
57,72,74,10000
74,86,84,10000
74,86,84,10000
84,96,89,10000
84,96,89,10000
89,97,91,10000
89,97,91,10000
92,105,97,10000
92,105,97,10000
94,106,99,10000
94,106,99,10000
95,107,98,10000
95,107,98,10000
98,108,96,10000
98,108,96,10000
95,110,98,10000
95,110,98,10000
99,107,97,10000
99,107,97,10000
99,104,95,10000
99,104,95,10000
98,108,98,10000
98,108,98,10000
68,68,59,10000
68,68,59,10000
79,124,111,10000
79,124,111,10000
104,120,110,10000
104,120,110,10000
108,123,116,10000
108,123,116,10000
111,124,114,10000
111,124,114,10000
103,92,74,10000
103,92,74,10000
69,102,115,10000
69,102,115,10000
111,110,74,10000
111,110,74,10000
59,73,108,10000
59,73,108,10000
133,134,99,10000
133,134,99,10000
79,85,101,10000
79,85,101,10000
121,134,119,10000
121,134,119,10000
107,90,86,10000
107,90,86,10000
115,134,117,10000
115,134,117,10000
118,133,120,10000
118,133,120,10000
118,130,117,10000
118,130,117,10000
116,123,115,10000
116,123,115,10000
113,127,117,10000
113,127,117,10000
116,132,127,10000
116,132,127,10000
120,109,98,10000
120,109,98,10000
102,119,112,10000
102,119,112,10000
109,110,101,10000
109,110,101,10000
103,118,98,10000
103,118,98,10000
97,98,87,10000
97,98,87,10000
102,111,103,10000
102,111,103,10000
100,110,103,10000
100,110,103,10000
98,105,112,10000
98,105,112,10000
119,125,116,10000
119,125,116,10000
109,126,120,10000
109,126,120,10000
125,121,108,10000
125,121,108,10000
100,95,85,10000
100,95,85,10000
100,126,114,10000
100,126,114,10000
88,80,81,10000
88,80,81,10000
117,148,107,10000
117,148,107,10000
57,73,117,10000
57,73,117,10000
136,133,76,10000
136,133,76,10000
72,124,145,10000
72,124,145,10000
104,74,70,10000
104,74,70,10000
105,149,140,10000
105,149,140,10000
84,72,69,10000
84,72,69,10000
101,113,83,10000
101,113,83,10000
59,60,76,10000
59,60,76,10000
112,127,111,10000
112,127,111,10000
77,66,65,10000
77,66,65,10000
91,123,127,10000
91,123,127,10000
77,81,70,10000
77,81,70,10000
71,86,72,10000
71,86,72,10000
67,79,67,10000
67,79,67,10000
68,79,72,10000
68,79,72,10000
67,87,75,10000
67,87,75,10000
73,95,80,10000
73,95,80,10000
71,82,89,10000
71,82,89,10000
112,117,97,10000
112,117,97,10000
81,64,56,10000
81,64,56,10000
96,110,108,10000
96,110,108,10000
94,108,79,10000
94,108,79,10000
60,56,60,10000
60,56,60,10000
66,87,101,10000
66,87,101,10000
93,84,73,10000
93,84,73,10000
64,81,88,10000
64,81,88,10000
104,104,88,10000
104,104,88,10000
70,79,85,10000
70,79,85,10000
113,144,133,10000
113,144,133,10000
123,123,97,10000
123,123,97,10000
81,95,90,10000
81,95,90,10000
95,111,105,10000
95,111,105,10000
103,117,109,10000
103,117,109,10000
121,133,118,10000
121,133,118,10000
109,138,128,10000
109,138,128,10000
128,162,150,10000
128,162,150,10000
98,94,93,20000
98,94,93,20000
96,98,83,20000
96,98,83,20000
78,115,112,20000
78,115,112,20000
118,114,107,20000
118,114,107,20000
120,118,96,20000
120,118,96,20000
57,82,123,20000
57,82,123,20000
116,72,57,20000
116,72,57,20000
91,111,109,20000
91,111,109,20000
60,47,65,20000
60,47,65,20000
89,92,60,20000
89,92,60,20000
48,50,67,20000
48,50,67,20000
92,79,46,20000
92,79,46,20000
50,68,92,20000
50,68,92,20000
96,56,47,20000
96,56,47,20000
58,76,94,20000
58,76,94,20000
93,85,81,20000
93,85,81,20000
96,94,114,20000
96,94,114,20000
110,115,123,20000
110,115,123,20000
112,116,113,20000
112,116,113,20000
106,114,120,20000
106,114,120,20000
106,95,106,20000
106,95,106,20000
116,120,117,20000
116,120,117,20000
117,118,104,20000
117,118,104,20000
104,103,107,20000
104,103,107,20000
112,108,111,20000
112,108,111,20000
112,110,116,20000
112,110,116,20000
118,113,99,20000
118,113,99,20000
76,69,77,20000
76,69,77,20000
78,72,65,20000
78,72,65,20000
61,60,85,20000
61,60,85,20000
111,117,123,20000
111,117,123,20000
100,101,115,20000
100,101,115,20000
99,69,65,20000
99,69,65,20000
79,104,109,20000
79,104,109,20000
88,91,113,20000
88,91,113,20000
85,100,126,20000
85,100,126,20000
89,53,68,20000
89,53,68,20000
100,98,79,20000
100,98,79,20000
113,119,104,20000
113,119,104,20000
111,121,132,20000
111,121,132,20000
56,74,126,20000
56,74,126,20000
83,120,125,20000
83,120,125,20000
80,105,106,20000
80,105,106,20000
78,90,79,20000
78,90,79,20000
75,74,77,20000
75,74,77,20000
65,68,76,20000
65,68,76,20000
93,86,106,20000
93,86,106,20000
112,110,114,20000
112,110,114,20000
64,63,79,20000
64,63,79,20000
96,65,70,20000
96,65,70,20000
93,61,49,20000
93,61,49,20000
67,109,83,20000
67,109,83,20000
55,83,105,20000
55,83,105,20000
77,68,90,20000
77,68,90,20000
94,66,84,20000
94,66,84,20000
103,113,106,20000
103,113,106,20000
79,71,63,20000
79,71,63,20000
68,71,82,20000
68,71,82,20000
112,101,117,20000
112,101,117,20000
106,86,102,20000
106,86,102,20000
91,83,78,20000
91,83,78,20000
95,79,60,20000
95,79,60,20000
57,80,91,20000
57,80,91,20000
99,106,87,20000
99,106,87,20000
73,94,81,20000
73,94,81,20000
87,88,86,20000
87,88,86,20000
79,61,66,20000
79,61,66,20000
62,86,89,20000
62,86,89,20000
84,80,66,20000
84,80,66,20000
94,75,69,20000
94,75,69,20000
88,93,73,20000
88,93,73,20000
63,78,79,20000
63,78,79,20000
77,81,83,20000
77,81,83,20000
64,57,72,20000
64,57,72,20000
58,72,71,20000
58,72,71,20000
68,63,46,20000
68,63,46,20000
59,63,69,20000
59,63,69,20000
112,127,124,20000
112,127,124,20000
46,43,42,20000
46,43,42,20000
54,101,112,20000
54,101,112,20000
123,119,78,20000
123,119,78,20000
43,43,51,20000
43,43,51,20000
93,121,122,20000
93,121,122,20000
71,63,46,20000
71,63,46,20000
57,80,119,20000
57,80,119,20000
90,53,48,20000
90,53,48,20000
81,105,118,20000
81,105,118,20000
91,83,83,20000
91,83,83,20000
79,83,80,20000
79,83,80,20000
73,80,83,20000
73,80,83,20000
77,85,87,20000
77,85,87,20000
81,98,101,20000
81,98,101,20000
93,129,148,20000
93,129,148,20000
68,65,71,20000
68,65,71,20000
76,102,139,20000
76,102,139,20000
69,67,63,20000
69,67,63,20000
79,66,69,20000
79,66,69,20000
92,90,88,20000
92,90,88,20000
76,80,70,20000
76,80,70,20000
74,90,89,20000
74,90,89,20000
72,67,56,20000
72,67,56,20000
62,50,42,20000
62,50,42,20000
41,42,51,20000
41,42,51,20000
86,96,78,20000
86,96,78,20000
61,53,58,20000
61,53,58,20000
77,105,117,20000
77,105,117,20000
99,54,42,20000
99,54,42,20000
42,68,114,20000
42,68,114,20000
117,105,72,20000
117,105,72,20000
43,41,50,20000
43,41,50,20000
96,117,134,20000
96,117,134,20000
60,42,43,20000
60,42,43,20000
69,110,127,20000
69,110,127,20000
66,71,63,20000
66,71,63,20000
108,122,118,20000
108,122,118,20000
97,58,44,20000
97,58,44,20000
49,81,108,20000
49,81,108,20000
127,118,95,20000
127,118,95,20000
45,39,44,20000
45,39,44,20000
64,112,125,20000
64,112,125,20000
55,40,40,20000
55,40,40,20000
48,86,114,20000
48,86,114,20000
93,70,57,20000
93,70,57,20000
79,103,115,20000
79,103,115,20000
108,65,44,20000
108,65,44,20000
43,47,64,20000
43,47,64,20000
76,63,71,20000
76,63,71,20000
69,73,54,20000
69,73,54,20000
65,93,117,20000
65,93,117,20000
118,112,99,20000
118,112,99,20000
60,56,57,20000
60,56,57,20000
47,66,91,20000
47,66,91,20000
113,117,122,20000
113,117,122,20000
103,62,59,20000
103,62,59,20000
49,41,45,20000
49,41,45,20000
82,99,108,20000
82,99,108,20000
120,112,64,20000
120,112,64,20000
46,49,46,20000
46,49,46,20000
54,81,88,20000
54,81,88,20000
97,111,129,20000
97,111,129,20000
69,52,61,20000
69,52,61,20000
96,93,84,20000
96,93,84,20000
106,110,110,20000
106,110,110,20000
103,92,77,20000
103,92,77,20000
58,83,94,20000
58,83,94,20000
97,101,106,20000
97,101,106,20000
110,102,96,20000
110,102,96,20000
79,56,56,20000
79,56,56,20000
59,95,98,20000
59,95,98,20000
110,120,127,20000
110,120,127,20000
68,51,47,20000
68,51,47,20000
75,97,115,20000
75,97,115,20000
126,127,127,20000
126,127,127,20000
79,64,75,20000
79,64,75,20000
104,123,118,20000
104,123,118,20000
126,140,144,20000
126,140,144,20000
144,148,145,20000
144,148,145,20000
142,147,91,20000
142,147,91,20000
74,69,106,20000
74,69,106,20000
113,110,73,20000
113,110,73,20000
46,47,62,20000
46,47,62,20000
98,114,123,20000
98,114,123,20000
64,58,62,20000
64,58,62,20000
95,127,128,20000
95,127,128,20000
93,63,49,20000
93,63,49,20000
43,43,68,20000
43,43,68,20000
96,113,127,20000
96,113,127,20000
65,43,45,20000
65,43,45,20000
98,114,120,20000
98,114,120,20000
104,84,46,20000
104,84,46,20000
45,67,97,20000
45,67,97,20000
110,126,113,20000
110,126,113,20000
69,46,39,20000
69,46,39,20000
48,78,117,20000
48,78,117,20000
73,39,37,20000
73,39,37,20000
56,99,116,20000
56,99,116,20000
53,39,40,20000
53,39,40,20000
51,95,116,20000
51,95,116,20000
57,37,36,20000
57,37,36,20000
47,93,117,20000
47,93,117,20000
53,41,51,20000
53,41,51,20000
54,102,125,20000
54,102,125,20000
81,41,45,20000
81,41,45,20000
93,122,128,20000
93,122,128,20000
45,43,45,20000
45,43,45,20000
85,110,61,20000
85,110,61,20000
54,108,103,20000
54,108,103,20000
46,73,94,20000
46,73,94,20000
47,59,84,20000
47,59,84,20000
44,44,75,20000
44,44,75,20000
112,78,43,20000
112,78,43,20000
73,129,123,20000
73,129,123,20000
46,43,62,20000
46,43,62,20000
116,75,53,20000
116,75,53,20000
43,44,39,20000
43,44,39,20000
44,97,109,20000
44,97,109,20000
89,64,46,20000
89,64,46,20000
37,46,42,20000
37,46,42,20000
36,45,55,20000
36,45,55,20000
80,122,130,20000
80,122,130,20000
46,43,43,20000
46,43,43,20000
54,64,96,20000
54,64,96,20000
105,105,100,20000
105,105,100,20000
91,91,79,20000
91,91,79,20000
77,60,42,20000
77,60,42,20000
42,44,53,20000
42,44,53,20000
46,76,89,20000
46,76,89,20000
93,84,71,20000
93,84,71,20000
61,62,58,20000
61,62,58,20000
61,70,79,20000
61,70,79,20000
94,98,80,20000
94,98,80,20000
70,84,85,20000
70,84,85,20000
61,73,89,20000
61,73,89,20000
94,106,111,20000
94,106,111,20000
113,115,112,20000
113,115,112,20000
64,53,60,20000
64,53,60,20000
90,103,112,20000
90,103,112,20000
56,58,74,20000
56,58,74,20000
90,110,124,20000
90,110,124,20000
102,80,101,20000
102,80,101,20000
88,105,104,20000
88,105,104,20000
113,119,118,20000
113,119,118,20000
123,125,113,20000
123,125,113,20000
88,88,82,20000
88,88,82,20000
91,92,98,20000
91,92,98,20000
109,105,96,20000
109,105,96,20000
91,96,91,20000
91,96,91,20000
99,116,119,20000
99,116,119,20000
92,93,89,20000
92,93,89,20000
98,105,108,20000
98,105,108,20000
116,120,121,20000
116,120,121,20000
86,91,96,20000
86,91,96,20000
102,118,115,20000
102,118,115,20000
61,52,55,20000
61,52,55,20000
77,93,102,20000
77,93,102,20000
106,119,135,20000
106,119,135,20000
78,89,94,20000
78,89,94,20000
78,98,111,20000
78,98,111,20000
96,100,98,20000
96,100,98,20000
100,90,98,20000
100,90,98,20000
106,94,79,20000
106,94,79,20000
91,97,97,20000
91,97,97,20000
107,111,107,20000
107,111,107,20000
101,92,99,20000
101,92,99,20000
103,107,119,20000
103,107,119,20000
83,95,112,20000
83,95,112,20000
122,120,120,20000
122,120,120,20000
93,96,89,20000
93,96,89,20000
91,96,94,20000
91,96,94,20000
80,84,98,20000
80,84,98,20000
111,118,114,20000
111,118,114,20000
94,89,94,20000
94,89,94,20000
98,94,102,20000
98,94,102,20000
107,105,100,20000
107,105,100,20000
98,134,169,20000
98,134,169,20000
106,114,149,20000
106,114,149,20000
66,103,97,20000
66,103,97,20000
77,130,119,20000
77,130,119,20000
71,74,95,20000
71,74,95,20000
90,91,87,20000
90,91,87,20000
78,91,105,20000
78,91,105,20000
98,88,96,20000
98,88,96,20000
88,97,104,20000
88,97,104,20000
96,81,63,20000
96,81,63,20000
55,53,57,20000
55,53,57,20000
72,98,60,20000
72,98,60,20000
53,63,88,20000
53,63,88,20000
98,72,54,20000
98,72,54,20000
61,84,91,20000
61,84,91,20000
94,74,56,20000
94,74,56,20000
61,66,70,20000
61,66,70,20000
77,69,58,20000
77,69,58,20000
59,68,64,20000
59,68,64,20000
59,49,49,20000
59,49,49,20000
50,53,54,20000
50,53,54,20000
62,59,52,20000
62,59,52,20000
46,58,99,20000
46,58,99,20000
112,92,49,20000
112,92,49,20000
51,54,57,20000
51,54,57,20000
99,117,108,20000
99,117,108,20000
61,51,51,20000
61,51,51,20000
65,119,122,20000
65,119,122,20000
68,51,54,20000
68,51,54,20000
92,130,124,20000
92,130,124,20000
73,50,53,20000
73,50,53,20000
104,111,83,20000
104,111,83,20000
47,49,76,20000
47,49,76,20000
92,123,129,20000
92,123,129,20000
138,146,143,20000
138,146,143,20000
81,92,97,20000
81,92,97,20000
85,105,107,20000
85,105,107,20000
81,85,65,20000
81,85,65,20000
58,58,60,20000
58,58,60,20000
59,68,102,20000
59,68,102,20000
74,83,89,20000
74,83,89,20000
98,101,102,20000
98,101,102,20000
98,100,101,20000
98,100,101,20000
69,71,85,20000
69,71,85,20000
74,79,95,20000
74,79,95,20000
71,78,83,20000
71,78,83,20000
66,71,88,20000
66,71,88,20000
96,95,99,20000
96,95,99,20000
95,92,94,20000
95,92,94,20000
93,93,94,20000
93,93,94,20000
86,92,102,20000
86,92,102,20000
99,105,104,20000
99,105,104,20000
83,87,86,20000
83,87,86,20000
90,94,97,20000
90,94,97,20000
93,87,60,20000
93,87,60,20000
73,99,105,20000
73,99,105,20000
88,96,112,20000
88,96,112,20000
82,55,52,20000
82,55,52,20000
60,59,70,20000
60,59,70,20000
98,99,72,20000
98,99,72,20000
49,50,56,20000
49,50,56,20000
67,91,109,20000
67,91,109,20000
110,76,50,20000
110,76,50,20000
52,57,97,20000
52,57,97,20000
110,114,102,20000
110,114,102,20000
63,54,70,20000
63,54,70,20000
81,85,91,20000
81,85,91,20000
116,119,118,20000
116,119,118,20000
84,69,69,20000
84,69,69,20000
102,113,121,20000
102,113,121,20000
68,72,69,20000
68,72,69,20000
113,118,119,20000
113,118,119,20000
62,53,68,20000
62,53,68,20000
105,118,120,20000
105,118,120,20000
54,53,70,20000
54,53,70,20000
91,116,112,20000
91,116,112,20000
66,55,63,20000
66,55,63,20000
92,106,107,20000
92,106,107,20000
68,50,50,20000
68,50,50,20000
57,97,110,20000
57,97,110,20000
79,48,46,20000
79,48,46,20000
49,77,103,20000
49,77,103,20000
102,70,49,20000
102,70,49,20000
56,63,73,20000
56,63,73,20000
73,74,74,20000
73,74,74,20000
66,63,62,20000
66,63,62,20000
66,99,97,20000
66,99,97,20000
96,108,108,20000
96,108,108,20000
113,114,121,20000
113,114,121,20000
115,121,115,20000
115,121,115,20000
115,110,110,20000
115,110,110,20000
111,110,113,20000
111,110,113,20000
115,112,111,20000
115,112,111,20000
106,109,116,20000
106,109,116,20000
111,101,65,20000
111,101,65,20000
71,122,126,20000
71,122,126,20000
61,62,117,20000
61,62,117,20000
70,53,70,20000
70,53,70,20000
109,117,89,20000
109,117,89,20000
54,62,90,20000
54,62,90,20000
109,117,107,20000
109,117,107,20000
56,64,89,20000
56,64,89,20000
86,81,57,20000
86,81,57,20000
62,91,103,20000
62,91,103,20000
84,52,66,20000
84,52,66,20000
96,94,48,20000
96,94,48,20000
55,95,112,20000
55,95,112,20000
83,46,53,20000
83,46,53,20000
114,109,51,20000
114,109,51,20000
52,81,88,20000
52,81,88,20000
50,52,77,20000
50,52,77,20000
102,71,47,20000
102,71,47,20000
65,102,92,20000
65,102,92,20000
53,47,60,20000
53,47,60,20000
110,119,101,20000
110,119,101,20000
52,53,84,20000
52,53,84,20000
50,48,58,20000
50,48,58,20000
55,60,56,20000
55,60,56,20000
58,94,102,20000
58,94,102,20000
90,87,77,20000
90,87,77,20000
75,82,64,20000
75,82,64,20000
63,96,61,20000
63,96,61,20000
65,57,58,20000
65,57,58,20000
53,58,51,20000
53,58,51,20000
63,83,85,20000
63,83,85,20000
78,83,86,20000
78,83,86,20000
81,62,51,20000
81,62,51,20000
64,89,66,20000
64,89,66,20000
51,68,102,20000
51,68,102,20000
82,57,90,20000
82,57,90,20000
112,117,99,20000
112,117,99,20000
50,49,67,20000
50,49,67,20000
114,99,61,20000
114,99,61,20000
53,61,79,20000
53,61,79,20000
109,106,80,20000
109,106,80,20000
53,68,115,20000
53,68,115,20000
97,70,54,20000
97,70,54,20000
58,101,112,20000
58,101,112,20000
62,49,59,20000
62,49,59,20000
114,81,52,20000
114,81,52,20000
48,47,67,20000
48,47,67,20000
87,96,99,20000
87,96,99,20000
102,102,105,20000
102,102,105,20000
53,48,61,20000
53,48,61,20000
92,51,48,20000
92,51,48,20000
73,110,86,20000
73,110,86,20000
50,46,46,20000
50,46,46,20000
47,65,96,20000
47,65,96,20000
88,43,45,20000
88,43,45,20000
47,75,111,20000
47,75,111,20000
86,50,44,20000
86,50,44,20000
46,63,119,20000
46,63,119,20000
109,70,45,20000
109,70,45,20000
46,57,83,20000
46,57,83,20000
85,53,44,20000
85,53,44,20000
46,59,65,20000
46,59,65,20000
86,64,47,20000
86,64,47,20000
45,49,87,20000
45,49,87,20000
97,95,66,20000
97,95,66,20000
48,52,57,20000
48,52,57,20000
65,71,61,20000
65,71,61,20000
54,61,70,20000
54,61,70,20000
92,94,64,20000
92,94,64,20000
49,56,102,20000
49,56,102,20000
101,50,46,20000
101,50,46,20000
46,57,100,20000
46,57,100,20000
107,78,45,20000
107,78,45,20000
46,75,122,20000
46,75,122,20000
71,47,46,20000
71,47,46,20000
53,100,116,20000
53,100,116,20000
98,50,46,20000
98,50,46,20000
52,87,104,20000
52,87,104,20000
58,46,48,20000
58,46,48,20000
98,114,106,20000
98,114,106,20000
48,45,45,20000
48,45,45,20000
53,54,61,20000
53,54,61,20000
93,117,122,20000
93,117,122,20000
68,48,48,20000
68,48,48,20000
77,108,117,20000
77,108,117,20000
73,46,45,20000
73,46,45,20000
59,119,124,20000
59,119,124,20000
66,46,44,20000
66,46,44,20000
45,60,107,20000
45,60,107,20000
99,91,79,20000
99,91,79,20000
87,78,63,20000
87,78,63,20000
62,58,57,20000
62,58,57,20000
69,60,54,20000
69,60,54,20000
75,101,104,20000
75,101,104,20000
81,91,87,20000
81,91,87,20000
94,98,102,20000
94,98,102,20000
103,111,88,20000
103,111,88,20000
90,91,71,20000
90,91,71,20000
63,64,68,20000
63,64,68,20000
87,96,85,20000
87,96,85,20000
82,82,94,20000
82,82,94,20000
94,95,98,20000
94,95,98,20000
100,112,109,20000
100,112,109,20000
94,102,103,20000
94,102,103,20000
101,104,108,20000
101,104,108,20000
98,100,105,20000
98,100,105,20000
110,109,106,20000
110,109,106,20000
89,82,125,20000
89,82,125,20000
54,57,71,20000
54,57,71,20000
112,106,51,20000
112,106,51,20000
49,72,100,20000
49,72,100,20000
94,53,52,20000
94,53,52,20000
65,91,79,20000
65,91,79,20000
50,56,72,20000
50,56,72,20000
98,94,52,20000
98,94,52,20000
54,76,107,20000
54,76,107,20000
81,53,60,20000
81,53,60,20000
84,94,83,20000
84,94,83,20000
53,65,97,20000
53,65,97,20000
54,52,70,20000
54,52,70,20000
75,69,50,20000
75,69,50,20000
53,83,116,20000
53,83,116,20000
112,114,95,20000
112,114,95,20000
54,68,109,20000
54,68,109,20000
119,79,54,20000
119,79,54,20000
75,118,133,20000
75,118,133,20000
56,53,69,20000
56,53,69,20000
112,132,130,20000
112,132,130,20000
49,53,89,20000
49,53,89,20000
127,129,85,20000
127,129,85,20000
54,78,104,20000
54,78,104,20000
52,54,91,20000
52,54,91,20000
50,57,89,20000
50,57,89,20000
109,96,82,20000
109,96,82,20000
88,54,44,20000
88,54,44,20000
46,52,58,20000
46,52,58,20000
92,103,106,20000
92,103,106,20000
93,96,76,20000
93,96,76,20000
58,55,65,20000
58,55,65,20000
90,97,121,20000
90,97,121,20000
72,99,99,20000
72,99,99,20000
106,117,80,20000
106,117,80,20000
68,76,86,20000
68,76,86,20000
117,108,110,20000
117,108,110,20000
115,107,82,20000
115,107,82,20000
83,83,96,20000
83,83,96,20000
115,116,124,20000
115,116,124,20000
137,145,144,20000
137,145,144,20000
88,126,239,20000
88,126,239,20000
64,63,56,50000
64,63,56,50000
72,71,75,50000
72,71,75,50000
82,93,91,50000
82,93,91,50000
116,107,74,50000
116,107,74,50000
89,100,100,50000
89,100,100,50000
134,126,62,50000
134,126,62,50000
55,97,90,50000
55,97,90,50000
109,105,114,50000
109,105,114,50000
131,91,60,50000
131,91,60,50000
58,70,89,50000
58,70,89,50000
109,116,123,50000
109,116,123,50000
81,49,42,50000
81,49,42,50000
71,79,73,50000
71,79,73,50000
95,101,113,50000
95,101,113,50000
131,132,109,50000
131,132,109,50000
93,77,53,50000
93,77,53,50000
45,59,59,50000
45,59,59,50000
75,93,89,50000
75,93,89,50000
104,103,71,50000
104,103,71,50000
58,54,46,50000
58,54,46,50000
56,64,85,50000
56,64,85,50000
115,110,81,50000
115,110,81,50000
57,55,45,50000
57,55,45,50000
65,104,106,50000
65,104,106,50000
101,53,49,50000
101,53,49,50000
79,88,70,50000
79,88,70,50000
54,62,62,50000
54,62,62,50000
89,72,44,50000
89,72,44,50000
55,92,116,50000
55,92,116,50000
129,105,98,50000
129,105,98,50000
104,101,100,50000
104,101,100,50000
118,121,113,50000
118,121,113,50000
122,128,116,50000
122,128,116,50000
110,90,75,50000
110,90,75,50000
90,106,109,50000
90,106,109,50000
117,114,101,50000
117,114,101,50000
99,109,106,50000
99,109,106,50000
105,103,93,50000
105,103,93,50000
99,95,84,50000
99,95,84,50000
93,96,97,50000
93,96,97,50000
96,98,92,50000
96,98,92,50000
90,88,81,50000
90,88,81,50000
89,97,92,50000
89,97,92,50000
94,84,82,50000
94,84,82,50000
88,90,82,50000
88,90,82,50000
64,71,87,50000
64,71,87,50000
104,90,86,50000
104,90,86,50000
98,94,87,50000
98,94,87,50000
103,106,96,50000
103,106,96,50000
108,107,94,50000
108,107,94,50000
103,102,92,50000
103,102,92,50000
110,113,107,50000
110,113,107,50000
114,104,93,50000
114,104,93,50000
106,110,91,50000
106,110,91,50000
100,104,95,50000
100,104,95,50000
109,104,95,50000
109,104,95,50000
110,104,91,50000
110,104,91,50000
109,112,103,50000
109,112,103,50000
113,112,98,50000
113,112,98,50000
105,99,84,50000
105,99,84,50000
83,75,61,50000
83,75,61,50000
68,67,66,50000
68,67,66,50000
64,65,80,50000
64,65,80,50000
104,117,118,50000
104,117,118,50000
84,82,50,50000
84,82,50,50000
57,72,97,50000
57,72,97,50000
89,74,76,50000
89,74,76,50000
115,149,189,50000
115,149,189,50000
152,161,146,50000
152,161,146,50000
148,151,144,50000
148,151,144,50000
126,113,98,50000
126,113,98,50000
99,87,73,50000
99,87,73,50000
70,85,71,50000
70,85,71,50000
123,193,173,50000
123,193,173,50000
129,139,113,50000
129,139,113,50000
115,140,154,50000
115,140,154,50000
140,139,142,50000
140,139,142,50000
151,145,135,50000
151,145,135,50000
145,152,144,50000
145,152,144,50000
68,49,64,50000
68,49,64,50000
91,98,95,50000
91,98,95,50000
96,88,81,50000
96,88,81,50000
94,88,69,50000
94,88,69,50000
95,97,94,50000
95,97,94,50000
96,97,83,50000
96,97,83,50000
48,47,41,50000
48,47,41,50000
57,59,64,50000
57,59,64,50000
96,108,85,50000
96,108,85,50000
50,49,54,50000
50,49,54,50000
95,117,126,50000
95,117,126,50000
95,87,91,50000
95,87,91,50000
126,129,134,50000
126,129,134,50000
113,65,41,50000
113,65,41,50000
48,76,99,50000
48,76,99,50000
119,99,94,50000
119,99,94,50000
59,44,36,50000
59,44,36,50000
49,54,49,50000
49,54,49,50000
48,49,46,50000
48,49,46,50000
51,43,37,50000
51,43,37,50000
42,43,41,50000
42,43,41,50000
48,65,94,50000
48,65,94,50000
97,86,62,50000
97,86,62,50000
98,108,110,50000
98,108,110,50000
121,99,68,50000
121,99,68,50000
89,112,146,50000
89,112,146,50000
62,59,65,50000
62,59,65,50000
98,121,130,50000
98,121,130,50000
70,78,84,50000
70,78,84,50000
99,119,117,50000
99,119,117,50000
96,113,140,50000
96,113,140,50000
90,95,110,50000
90,95,110,50000
79,80,92,50000
79,80,92,50000
120,134,132,50000
120,134,132,50000
95,106,108,50000
95,106,108,50000
134,143,124,50000
134,143,124,50000
65,65,67,50000
65,65,67,50000
115,129,117,50000
115,129,117,50000
122,121,104,50000
122,121,104,50000
87,66,52,50000
87,66,52,50000
68,91,85,50000
68,91,85,50000
97,91,84,50000
97,91,84,50000
92,73,73,50000
92,73,73,50000
75,89,103,50000
75,89,103,50000
107,122,128,50000
107,122,128,50000
153,163,162,50000
153,163,162,50000
134,125,117,50000
134,125,117,50000
138,134,134,50000
138,134,134,50000
61,59,68,50000
61,59,68,50000
102,110,109,50000
102,110,109,50000
107,69,38,50000
107,69,38,50000
44,57,99,50000
44,57,99,50000
137,157,144,50000
137,157,144,50000
48,42,38,50000
48,42,38,50000
64,106,135,50000
64,106,135,50000
116,114,111,50000
116,114,111,50000
122,148,154,50000
122,148,154,50000
62,51,41,50000
62,51,41,50000
71,113,139,50000
71,113,139,50000
51,41,40,50000
51,41,40,50000
52,62,83,50000
52,62,83,50000
140,133,65,50000
140,133,65,50000
41,46,44,50000
41,46,44,50000
52,94,122,50000
52,94,122,50000
136,91,35,50000
136,91,35,50000
46,48,47,50000
46,48,47,50000
101,127,141,50000
101,127,141,50000
44,40,39,50000
44,40,39,50000
55,94,107,50000
55,94,107,50000
53,38,39,50000
53,38,39,50000
53,55,85,50000
53,55,85,50000
127,123,67,50000
127,123,67,50000
49,54,33,50000
49,54,33,50000
60,111,128,50000
60,111,128,50000
62,37,32,50000
62,37,32,50000
44,88,115,50000
44,88,115,50000
75,58,42,50000
75,58,42,50000
39,55,87,50000
39,55,87,50000
141,158,131,50000
141,158,131,50000
90,72,63,50000
90,72,63,50000
41,61,99,50000
41,61,99,50000
148,140,131,50000
148,140,131,50000
135,129,95,50000
135,129,95,50000
105,135,147,50000
105,135,147,50000
121,80,155,50000
121,80,155,50000
75,81,85,50000
75,81,85,50000
89,108,107,50000
89,108,107,50000
121,109,93,50000
121,109,93,50000
91,76,74,50000
91,76,74,50000
101,109,89,50000
101,109,89,50000
78,88,77,50000
78,88,77,50000
89,75,71,50000
89,75,71,50000
85,56,45,50000
85,56,45,50000
57,47,56,50000
57,47,56,50000
107,120,100,50000
107,120,100,50000
63,87,106,50000
63,87,106,50000
114,79,66,50000
114,79,66,50000
115,119,79,50000
115,119,79,50000
51,62,86,50000
51,62,86,50000
75,51,72,50000
75,51,72,50000
100,56,48,50000
100,56,48,50000
97,101,48,50000
97,101,48,50000
64,107,82,50000
64,107,82,50000
71,126,126,50000
71,126,126,50000
78,69,91,50000
78,69,91,50000
119,115,59,50000
119,115,59,50000
75,127,113,50000
75,127,113,50000
57,53,86,50000
57,53,86,50000
146,106,49,50000
146,106,49,50000
89,134,136,50000
89,134,136,50000
59,66,112,50000
59,66,112,50000
75,81,114,50000
75,81,114,50000
138,135,49,50000
138,135,49,50000
55,83,135,50000
55,83,135,50000
127,58,48,50000
127,58,48,50000
89,143,132,50000
89,143,132,50000
71,52,41,50000
71,52,41,50000
54,94,110,50000
54,94,110,50000
115,125,115,50000
115,125,115,50000
115,61,50,50000
115,61,50,50000
58,49,72,50000
58,49,72,50000
101,111,141,50000
101,111,141,50000
135,86,44,50000
135,86,44,50000
53,58,63,50000
53,58,63,50000
99,118,88,50000
99,118,88,50000
64,59,70,50000
64,59,70,50000
99,117,124,50000
99,117,124,50000
115,67,62,50000
115,67,62,50000
70,73,81,50000
70,73,81,50000
115,134,118,50000
115,134,118,50000
57,48,52,50000
57,48,52,50000
78,110,109,50000
78,110,109,50000
49,53,98,50000
49,53,98,50000
126,108,102,50000
126,108,102,50000
114,117,125,50000
114,117,125,50000
103,89,95,50000
103,89,95,50000
123,136,108,50000
123,136,108,50000
65,50,47,50000
65,50,47,50000
58,77,72,50000
58,77,72,50000
103,115,86,50000
103,115,86,50000
58,47,41,50000
58,47,41,50000
93,117,117,50000
93,117,117,50000
114,148,148,50000
114,148,148,50000
107,106,100,50000
107,106,100,50000
132,145,147,50000
132,145,147,50000
140,117,110,50000
140,117,110,50000
133,129,145,50000
133,129,145,50000
165,169,131,50000
165,169,131,50000
91,88,82,50000
91,88,82,50000
114,129,140,50000
114,129,140,50000
75,69,49,50000
75,69,49,50000
70,103,112,50000
70,103,112,50000
141,126,76,50000
141,126,76,50000
44,49,42,50000
44,49,42,50000
63,100,114,50000
63,100,114,50000
134,99,59,50000
134,99,59,50000
69,59,71,50000
69,59,71,50000
118,141,134,50000
118,141,134,50000
64,44,42,50000
64,44,42,50000
66,90,115,50000
66,90,115,50000
135,113,86,50000
135,113,86,50000
96,75,77,50000
96,75,77,50000
112,132,135,50000
112,132,135,50000
62,63,75,50000
62,63,75,50000
112,118,123,50000
112,118,123,50000
133,105,77,50000
133,105,77,50000
61,55,89,50000
61,55,89,50000
145,175,160,50000
145,175,160,50000
63,63,61,50000
63,63,61,50000
68,68,66,50000
68,68,66,50000
57,68,69,50000
57,68,69,50000
78,92,87,50000
78,92,87,50000
70,59,68,50000
70,59,68,50000
86,88,93,50000
86,88,93,50000
105,100,81,50000
105,100,81,50000
72,55,56,50000
72,55,56,50000
77,96,94,50000
77,96,94,50000
125,133,102,50000
125,133,102,50000
60,58,76,50000
60,58,76,50000
96,126,126,50000
96,126,126,50000
77,74,99,50000
77,74,99,50000
119,110,103,50000
119,110,103,50000
103,98,97,50000
103,98,97,50000
114,103,85,50000
114,103,85,50000
84,87,70,50000
84,87,70,50000
77,87,83,50000
77,87,83,50000
89,102,85,50000
89,102,85,50000
91,95,93,50000
91,95,93,50000
99,104,103,50000
99,104,103,50000
126,118,84,50000
126,118,84,50000
74,73,64,50000
74,73,64,50000
101,118,106,50000
101,118,106,50000
118,117,104,50000
118,117,104,50000
50,88,109,50000
50,88,109,50000
121,122,119,50000
121,122,119,50000
79,72,54,50000
79,72,54,50000
50,52,64,50000
50,52,64,50000
80,82,82,50000
80,82,82,50000
96,89,72,50000
96,89,72,50000
56,53,44,50000
56,53,44,50000
59,85,89,50000
59,85,89,50000
83,92,82,50000
83,92,82,50000
80,92,81,50000
80,92,81,50000
89,96,88,50000
89,96,88,50000
84,53,48,50000
84,53,48,50000
60,62,87,50000
60,62,87,50000
109,109,90,50000
109,109,90,50000
60,47,44,50000
60,47,44,50000
74,104,99,50000
74,104,99,50000
78,105,111,50000
78,105,111,50000
87,91,87,50000
87,91,87,50000
102,113,111,50000
102,113,111,50000
115,87,56,50000
115,87,56,50000
57,69,80,50000
57,69,80,50000
111,108,99,50000
111,108,99,50000
97,75,78,50000
97,75,78,50000
69,64,53,50000
69,64,53,50000
56,59,62,50000
56,59,62,50000
67,67,60,50000
67,67,60,50000
58,48,56,50000
58,48,56,50000
65,89,97,50000
65,89,97,50000
107,91,69,50000
107,91,69,50000
53,48,41,50000
53,48,41,50000
64,89,94,50000
64,89,94,50000
98,99,84,50000
98,99,84,50000
75,62,59,50000
75,62,59,50000
60,76,83,50000
60,76,83,50000
102,112,108,50000
102,112,108,50000
75,88,92,50000
75,88,92,50000
104,114,115,50000
104,114,115,50000
122,110,83,50000
122,110,83,50000
101,101,88,50000
101,101,88,50000
76,76,60,50000
76,76,60,50000
76,85,93,50000
76,85,93,50000
99,97,86,50000
99,97,86,50000
89,88,83,50000
89,88,83,50000
82,95,76,50000
82,95,76,50000
61,75,83,50000
61,75,83,50000
98,104,103,50000
98,104,103,50000
64,74,86,50000
64,74,86,50000
98,108,94,50000
98,108,94,50000
99,80,39,50000
99,80,39,50000
89,134,151,50000
89,134,151,50000
193,194,109,50000
193,194,109,50000
110,129,122,50000
110,129,122,50000
83,109,102,50000
83,109,102,50000
96,88,52,50000
96,88,52,50000
55,57,70,50000
55,57,70,50000
77,78,79,50000
77,78,79,50000
96,76,48,50000
96,76,48,50000
40,39,36,50000
40,39,36,50000
57,72,76,50000
57,72,76,50000
105,115,101,50000
105,115,101,50000
105,139,156,50000
105,139,156,50000
71,59,61,50000
71,59,61,50000
63,49,41,50000
63,49,41,50000
79,92,66,50000
79,92,66,50000
56,57,64,50000
56,57,64,50000
83,90,77,50000
83,90,77,50000
80,63,50,50000
80,63,50,50000
40,56,72,50000
40,56,72,50000
75,68,51,50000
75,68,51,50000
90,160,180,50000
90,160,180,50000
82,87,81,50000
82,87,81,50000
97,110,107,50000
97,110,107,50000
105,98,71,50000
105,98,71,50000
59,58,94,50000
59,58,94,50000
98,110,99,50000
98,110,99,50000
103,118,113,50000
103,118,113,50000
100,109,116,50000
100,109,116,50000
61,106,107,50000
61,106,107,50000
124,140,116,50000
124,140,116,50000
52,50,78,50000
52,50,78,50000
104,127,133,50000
104,127,133,50000
42,52,38,50000
42,52,38,50000
50,87,105,50000
50,87,105,50000
59,92,102,50000
59,92,102,50000
44,41,42,50000
44,41,42,50000
57,69,111,50000
57,69,111,50000
61,98,92,50000
61,98,92,50000
104,115,98,50000
104,115,98,50000
73,63,88,50000
73,63,88,50000
94,98,91,50000
94,98,91,50000
85,71,44,50000
85,71,44,50000
51,42,38,50000
51,42,38,50000
50,76,83,50000
50,76,83,50000
89,88,74,50000
89,88,74,50000
86,85,85,50000
86,85,85,50000
80,59,67,50000
80,59,67,50000
117,125,117,50000
117,125,117,50000
94,101,87,50000
94,101,87,50000
96,96,93,50000
96,96,93,50000
96,102,101,50000
96,102,101,50000
94,96,93,50000
94,96,93,50000
94,96,81,50000
94,96,81,50000
82,87,89,50000
82,87,89,50000
91,102,98,50000
91,102,98,50000
94,75,68,50000
94,75,68,50000
86,112,92,50000
86,112,92,50000
139,104,115,50000
139,104,115,50000
100,92,79,50000
100,92,79,50000
85,99,111,50000
85,99,111,50000
111,105,107,50000
111,105,107,50000
99,96,87,50000
99,96,87,50000
95,98,92,50000
95,98,92,50000
97,85,71,50000
97,85,71,50000
79,98,101,50000
79,98,101,50000
104,104,96,50000
104,104,96,50000
115,129,133,50000
115,129,133,50000
120,108,105,50000
120,108,105,50000
124,131,110,50000
124,131,110,50000
100,100,98,50000
100,100,98,50000
107,116,112,50000
107,116,112,50000
99,90,94,50000
99,90,94,50000
111,123,118,50000
111,123,118,50000
96,82,86,50000
96,82,86,50000
113,128,118,50000
113,128,118,50000
97,82,71,50000
97,82,71,50000
89,102,94,50000
89,102,94,50000
101,105,98,50000
101,105,98,50000
92,92,80,50000
92,92,80,50000
88,92,91,50000
88,92,91,50000
96,94,94,50000
96,94,94,50000
100,122,127,50000
100,122,127,50000
101,92,89,50000
101,92,89,50000
79,72,56,50000
79,72,56,50000
69,87,84,50000
69,87,84,50000
78,103,84,50000
78,103,84,50000
66,62,72,50000
66,62,72,50000
109,116,114,50000
109,116,114,50000
76,90,79,50000
76,90,79,50000
83,120,114,50000
83,120,114,50000
73,69,67,50000
73,69,67,50000
94,117,121,50000
94,117,121,50000
105,81,51,50000
105,81,51,50000
55,65,70,50000
55,65,70,50000
94,118,113,50000
94,118,113,50000
102,107,89,50000
102,107,89,50000
82,90,95,50000
82,90,95,50000
121,142,112,50000
121,142,112,50000
59,51,55,50000
59,51,55,50000
63,60,65,50000
63,60,65,50000
95,113,109,50000
95,113,109,50000
90,67,81,50000
90,67,81,50000
63,43,41,50000
63,43,41,50000
41,41,41,50000
41,41,41,50000
48,46,49,50000
48,46,49,50000
88,113,126,50000
88,113,126,50000
117,83,46,50000
117,83,46,50000
41,44,43,50000
41,44,43,50000
55,72,105,50000
55,72,105,50000
108,74,36,50000
108,74,36,50000
37,37,37,50000
37,37,37,50000
42,48,78,50000
42,48,78,50000
120,118,96,50000
120,118,96,50000
52,40,37,50000
52,40,37,50000
46,56,76,50000
46,56,76,50000
109,134,102,50000
109,134,102,50000
51,42,34,50000
51,42,34,50000
40,47,49,50000
40,47,49,50000
81,114,122,50000
81,114,122,50000
96,52,38,50000
96,52,38,50000
41,47,40,50000
41,47,40,50000
62,115,138,50000
62,115,138,50000
86,44,36,50000
86,44,36,50000
41,45,50,50000
41,45,50,50000
98,129,135,50000
98,129,135,50000
72,41,37,50000
72,41,37,50000
42,45,51,50000
42,45,51,50000
83,129,146,50000
83,129,146,50000
56,46,38,50000
56,46,38,50000
41,47,86,50000
41,47,86,50000
129,176,173,50000
129,176,173,50000
84,97,83,100000
84,97,83,100000
80,94,93,100000
80,94,93,100000
88,102,96,100000
88,102,96,100000
84,101,93,100000
84,101,93,100000
83,105,111,100000
83,105,111,100000
104,122,108,100000
104,122,108,100000
86,91,84,100000
86,91,84,100000
92,124,122,100000
92,124,122,100000
86,89,84,100000
86,89,84,100000
85,98,100,100000
85,98,100,100000
94,111,97,100000
94,111,97,100000
87,111,105,100000
87,111,105,100000
89,101,61,100000
89,101,61,100000
41,50,47,100000
41,50,47,100000
96,113,98,100000
96,113,98,100000
98,118,109,100000
98,118,109,100000
61,53,53,100000
61,53,53,100000
63,85,94,100000
63,85,94,100000
91,78,48,100000
91,78,48,100000
40,49,68,100000
40,49,68,100000
87,109,113,100000
87,109,113,100000
109,121,92,100000
109,121,92,100000
42,46,42,100000
42,46,42,100000
42,58,79,100000
42,58,79,100000
80,98,88,100000
80,98,88,100000
45,48,44,100000
45,48,44,100000
45,77,89,100000
45,77,89,100000
89,83,51,100000
89,83,51,100000
44,62,55,100000
44,62,55,100000
46,53,68,100000
46,53,68,100000
79,91,68,100000
79,91,68,100000
52,65,60,100000
52,65,60,100000
52,65,60,100000
52,65,60,100000
52,65,61,100000
52,65,61,100000
54,65,60,100000
54,65,60,100000
53,66,59,100000
53,66,59,100000
52,66,60,100000
52,66,60,100000
52,63,62,100000
52,63,62,100000
87,104,79,100000
87,104,79,100000
45,57,51,100000
45,57,51,100000
75,94,92,100000
75,94,92,100000
86,97,84,100000
86,97,84,100000
76,81,91,100000
76,81,91,100000
86,94,85,100000
86,94,85,100000
83,72,69,100000
83,72,69,100000
63,88,93,100000
63,88,93,100000
99,114,108,100000
99,114,108,100000
91,106,112,100000
91,106,112,100000
98,106,100,100000
98,106,100,100000
83,95,80,100000
83,95,80,100000
75,94,85,100000
75,94,85,100000
94,107,104,100000
94,107,104,100000
94,105,89,100000
94,105,89,100000
89,81,94,100000
89,81,94,100000
99,115,117,100000
99,115,117,100000
88,74,65,100000
88,74,65,100000
63,97,88,100000
63,97,88,100000
84,97,92,100000
84,97,92,100000
87,103,95,100000
87,103,95,100000
66,89,86,100000
66,89,86,100000
79,88,74,100000
79,88,74,100000
65,79,90,100000
65,79,90,100000
84,79,63,100000
84,79,63,100000
57,84,94,100000
57,84,94,100000
66,71,65,100000
66,71,65,100000
76,89,75,100000
76,89,75,100000
68,94,95,100000
68,94,95,100000
86,100,95,100000
86,100,95,100000
86,99,94,100000
86,99,94,100000
82,98,90,100000
82,98,90,100000
74,101,117,100000
74,101,117,100000
104,102,56,100000
104,102,56,100000
49,59,77,100000
49,59,77,100000
77,63,56,100000
77,63,56,100000
23,104,105,100000
23,104,105,100000
88,65,63,100000
88,65,63,100000
103,121,73,100000
103,121,73,100000
54,99,111,100000
54,99,111,100000
87,64,61,100000
87,64,61,100000
104,123,115,100000
104,123,115,100000
99,120,79,100000
99,120,79,100000
58,69,68,100000
58,69,68,100000
60,78,87,100000
60,78,87,100000
79,92,85,100000
79,92,85,100000
74,75,60,100000
74,75,60,100000
60,88,90,100000
60,88,90,100000
84,100,89,100000
84,100,89,100000
79,90,68,100000
79,90,68,100000
58,87,101,100000
58,87,101,100000
95,89,58,100000
95,89,58,100000
52,66,69,100000
52,66,69,100000
53,65,63,100000
53,65,63,100000
83,95,61,100000
83,95,61,100000
60,78,81,100000
60,78,81,100000
61,65,61,100000
61,65,61,100000
52,71,58,100000
52,71,58,100000
56,59,55,100000
56,59,55,100000
60,73,56,100000
60,73,56,100000
55,63,86,100000
55,63,86,100000
73,67,57,100000
73,67,57,100000
77,95,82,100000
77,95,82,100000
56,82,91,100000
56,82,91,100000
80,75,76,100000
80,75,76,100000
81,113,91,100000
81,113,91,100000
68,86,94,100000
68,86,94,100000
80,56,59,100000
80,56,59,100000
58,67,70,100000
58,67,70,100000
101,68,67,100000
101,68,67,100000
52,81,89,100000
52,81,89,100000
58,60,78,100000
58,60,78,100000
79,68,59,100000
79,68,59,100000
56,93,84,100000
56,93,84,100000
63,59,77,100000
63,59,77,100000
65,74,75,100000
65,74,75,100000
60,66,74,100000
60,66,74,100000
63,73,60,100000
63,73,60,100000
52,78,71,100000
52,78,71,100000
67,75,74,100000
67,75,74,100000
62,77,83,100000
62,77,83,100000
55,75,60,100000
55,75,60,100000
81,92,62,100000
81,92,62,100000
60,73,86,100000
60,73,86,100000
85,92,71,100000
85,92,71,100000
63,82,81,100000
63,82,81,100000
88,117,137,100000
88,117,137,100000
53,42,48,100000
53,42,48,100000
109,175,185,100000
109,175,185,100000
52,79,49,100000
52,79,49,100000
42,52,96,100000
42,52,96,100000
86,73,68,100000
86,73,68,100000
56,55,50,100000
56,55,50,100000
45,56,56,100000
45,56,56,100000
46,53,68,100000
46,53,68,100000
70,82,80,100000
70,82,80,100000
95,102,54,100000
95,102,54,100000
47,68,64,100000
47,68,64,100000
61,77,73,100000
61,77,73,100000
48,54,55,100000
48,54,55,100000
57,65,65,100000
57,65,65,100000
66,60,55,100000
66,60,55,100000
57,52,52,100000
57,52,52,100000
65,124,126,100000
65,124,126,100000
96,53,47,100000
96,53,47,100000
69,118,116,100000
69,118,116,100000
108,121,117,100000
108,121,117,100000
106,115,108,100000
106,115,108,100000
100,115,110,100000
100,115,110,100000
99,110,107,100000
99,110,107,100000
99,112,109,100000
99,112,109,100000
99,113,106,100000
99,113,106,100000
99,112,106,100000
99,112,106,100000
98,109,106,100000
98,109,106,100000
94,108,100,100000
94,108,100,100000
91,99,60,100000
91,99,60,100000
32,40,43,100000
32,40,43,100000
52,58,41,100000
52,58,41,100000
38,45,45,100000
38,45,45,100000
42,39,35,100000
42,39,35,100000
34,59,91,100000
34,59,91,100000
96,104,102,100000
96,104,102,100000
100,127,126,100000
100,127,126,100000
92,41,47,100000
92,41,47,100000
72,119,122,100000
72,119,122,100000
60,44,56,100000
60,44,56,100000
105,109,40,100000
105,109,40,100000
47,104,103,100000
47,104,103,100000
37,63,106,100000
37,63,106,100000
45,45,89,100000
45,45,89,100000
98,56,39,100000
98,56,39,100000
62,108,103,100000
62,108,103,100000
39,45,95,100000
39,45,95,100000
94,44,40,100000
94,44,40,100000
89,95,60,100000
89,95,60,100000
38,59,111,100000
38,59,111,100000
46,42,81,100000
46,42,81,100000
89,46,46,100000
89,46,46,100000
96,109,43,100000
96,109,43,100000
60,116,95,100000
60,116,95,100000
38,54,105,100000
38,54,105,100000
100,44,41,100000
100,44,41,100000
95,111,89,100000
95,111,89,100000
38,43,72,100000
38,43,72,100000
102,86,40,100000
102,86,40,100000
42,107,103,100000
42,107,103,100000
56,41,47,100000
56,41,47,100000
99,109,56,100000
99,109,56,100000
40,73,96,100000
40,73,96,100000
63,41,39,100000
63,41,39,100000
85,98,41,100000
85,98,41,100000
37,86,102,100000
37,86,102,100000
76,40,38,100000
76,40,38,100000
79,86,86,100000
79,86,86,100000
45,40,51,100000
45,40,51,100000
83,85,63,100000
83,85,63,100000
35,40,46,100000
35,40,46,100000
45,51,49,100000
45,51,49,100000
48,47,48,100000
48,47,48,100000
47,53,51,100000
47,53,51,100000
49,51,49,100000
49,51,49,100000
46,51,49,100000
46,51,49,100000
47,51,54,100000
47,51,54,100000
52,46,35,100000
52,46,35,100000
32,38,46,100000
32,38,46,100000
61,64,38,100000
61,64,38,100000
41,46,54,100000
41,46,54,100000
65,76,51,100000
65,76,51,100000
47,52,55,100000
47,52,55,100000
69,92,94,100000
69,92,94,100000
89,104,102,100000
89,104,102,100000
98,110,105,100000
98,110,105,100000
98,102,67,100000
98,102,67,100000
50,61,88,100000
50,61,88,100000
83,105,118,100000
83,105,118,100000
69,46,60,100000
69,46,60,100000
60,64,45,100000
60,64,45,100000
51,65,70,100000
51,65,70,100000
65,83,96,100000
65,83,96,100000
100,126,126,100000
100,126,126,100000
98,83,70,100000
98,83,70,100000
45,62,91,100000
45,62,91,100000
125,188,188,100000
125,188,188,100000
74,80,93,100000
74,80,93,100000
86,77,104,100000
86,77,104,100000
88,121,106,100000
88,121,106,100000
71,73,82,100000
71,73,82,100000
73,96,105,100000
73,96,105,100000
115,97,41,100000
115,97,41,100000
38,53,56,100000
38,53,56,100000
79,109,111,100000
79,109,111,100000
80,46,44,100000
80,46,44,100000
37,63,114,100000
37,63,114,100000
105,65,54,100000
105,65,54,100000
53,73,79,100000
53,73,79,100000
58,56,48,100000
58,56,48,100000
52,120,108,100000
52,120,108,100000
61,41,37,100000
61,41,37,100000
40,51,45,100000
40,51,45,100000
41,46,58,100000
41,46,58,100000
75,70,51,100000
75,70,51,100000
42,60,75,100000
42,60,75,100000
43,58,73,100000
43,58,73,100000
83,83,54,100000
83,83,54,100000
46,97,94,100000
46,97,94,100000
77,66,53,100000
77,66,53,100000
86,102,51,100000
86,102,51,100000
51,58,93,100000
51,58,93,100000
83,86,75,100000
83,86,75,100000
73,76,67,100000
73,76,67,100000
61,105,118,100000
61,105,118,100000
72,60,62,100000
72,60,62,100000
46,49,71,100000
46,49,71,100000
93,137,131,100000
93,137,131,100000
70,63,55,100000
70,63,55,100000
50,61,74,100000
50,61,74,100000
81,97,65,100000
81,97,65,100000
74,85,92,100000
74,85,92,100000
84,96,99,100000
84,96,99,100000
81,90,82,100000
81,90,82,100000
76,100,91,100000
76,100,91,100000
77,94,82,100000
77,94,82,100000
70,85,84,100000
70,85,84,100000
77,100,99,100000
77,100,99,100000
77,72,61,100000
77,72,61,100000
58,78,90,100000
58,78,90,100000
87,111,102,100000
87,111,102,100000
69,76,57,100000
69,76,57,100000
47,78,100,100000
47,78,100,100000
96,92,58,100000
96,92,58,100000
47,53,56,100000
47,53,56,100000
75,118,110,100000
75,118,110,100000
74,57,51,100000
74,57,51,100000
47,61,71,100000
47,61,71,100000
94,113,87,100000
94,113,87,100000
44,51,50,100000
44,51,50,100000
57,81,99,100000
57,81,99,100000
90,93,58,100000
90,93,58,100000
41,51,65,100000
41,51,65,100000
79,96,74,100000
79,96,74,100000
46,59,44,100000
46,59,44,100000
55,79,85,100000
55,79,85,100000
78,91,75,100000
78,91,75,100000
46,58,55,100000
46,58,55,100000
53,62,64,100000
53,62,64,100000
54,53,54,100000
54,53,54,100000
56,77,83,100000
56,77,83,100000
74,70,69,100000
74,70,69,100000
61,77,72,100000
61,77,72,100000
55,63,73,100000
55,63,73,100000
67,76,79,100000
67,76,79,100000
65,90,90,100000
65,90,90,100000
63,56,49,100000
63,56,49,100000
42,54,61,100000
42,54,61,100000
72,99,109,100000
72,99,109,100000
84,59,50,100000
84,59,50,100000
39,49,66,100000
39,49,66,100000
82,113,111,100000
82,113,111,100000
78,61,50,100000
78,61,50,100000
40,49,51,100000
40,49,51,100000
75,117,117,100000
75,117,117,100000
62,54,59,100000
62,54,59,100000
41,51,45,100000
41,51,45,100000
70,108,111,100000
70,108,111,100000
69,63,63,100000
69,63,63,100000
42,55,70,100000
42,55,70,100000
89,132,120,100000
89,132,120,100000
49,76,49,100000
49,76,49,100000
39,76,113,100000
39,76,113,100000
106,124,78,100000
106,124,78,100000
46,73,48,100000
46,73,48,100000
36,51,65,100000
36,51,65,100000
90,136,113,100000
90,136,113,100000
48,68,49,100000
48,68,49,100000
45,96,125,100000
45,96,125,100000
65,64,75,100000
65,64,75,100000
75,109,89,100000
75,109,89,100000
51,82,97,100000
51,82,97,100000
62,73,83,100000
62,73,83,100000
74,67,54,100000
74,67,54,100000
49,70,63,100000
49,70,63,100000
52,79,69,100000
52,79,69,100000
57,86,101,100000
57,86,101,100000
62,98,48,100000
62,98,48,100000
62,81,81,100000
62,81,81,100000
98,98,92,100000
98,98,92,100000
95,118,113,100000
95,118,113,100000
93,115,112,100000
93,115,112,100000
103,117,102,100000
103,117,102,100000
96,128,133,100000
96,128,133,100000
92,106,96,100000
92,106,96,100000
86,105,90,100000
86,105,90,100000
76,80,79,100000
76,80,79,100000
76,96,100,100000
76,96,100,100000
83,107,105,100000
83,107,105,100000
79,76,70,100000
79,76,70,100000
65,83,98,100000
65,83,98,100000
97,110,89,100000
97,110,89,100000
62,59,60,100000
62,59,60,100000
51,55,53,100000
51,55,53,100000
52,67,75,100000
52,67,75,100000
69,60,47,100000
69,60,47,100000
43,75,91,100000
43,75,91,100000
87,113,117,100000
87,113,117,100000
85,108,97,100000
85,108,97,100000
83,90,78,100000
83,90,78,100000
60,73,70,100000
60,73,70,100000
62,99,99,100000
62,99,99,100000
65,72,69,100000
65,72,69,100000
60,93,96,100000
60,93,96,100000
67,82,81,100000
67,82,81,100000
65,97,89,100000
65,97,89,100000
76,100,96,100000
76,100,96,100000
79,79,65,100000
79,79,65,100000
69,74,71,100000
69,74,71,100000
58,65,71,100000
58,65,71,100000
67,88,78,100000
67,88,78,100000
65,93,89,100000
65,93,89,100000
72,93,79,100000
72,93,79,100000
68,80,73,100000
68,80,73,100000
67,72,65,100000
67,72,65,100000
58,84,87,100000
58,84,87,100000
60,77,80,100000
60,77,80,100000
73,68,54,100000
73,68,54,100000
51,57,50,100000
51,57,50,100000
58,94,77,100000
58,94,77,100000
52,63,80,100000
52,63,80,100000
75,74,66,100000
75,74,66,100000
67,72,70,100000
67,72,70,100000
51,74,85,100000
51,74,85,100000
85,106,112,100000
85,106,112,100000
111,139,134,100000
111,139,134,100000
87,95,93,100000
87,95,93,100000
91,99,84,100000
91,99,84,100000
72,84,75,100000
72,84,75,100000
70,77,70,100000
70,77,70,100000
49,59,60,100000
49,59,60,100000
63,79,75,100000
63,79,75,100000
56,81,103,100000
56,81,103,100000
92,107,75,100000
92,107,75,100000
44,69,112,100000
44,69,112,100000
95,64,55,100000
95,64,55,100000
73,138,119,100000
73,138,119,100000
50,57,75,100000
50,57,75,100000
50,61,81,100000
50,61,81,100000
87,93,56,100000
87,93,56,100000
41,57,72,100000
41,57,72,100000
84,64,53,100000
84,64,53,100000
42,75,101,100000
42,75,101,100000
88,80,51,100000
88,80,51,100000
41,57,65,100000
41,57,65,100000
71,49,52,100000
71,49,52,100000
44,86,80,100000
44,86,80,100000
48,57,51,100000
48,57,51,100000
66,91,70,100000
66,91,70,100000
42,55,83,100000
42,55,83,100000
84,90,54,100000
84,90,54,100000
41,52,46,100000
41,52,46,100000
40,52,53,100000
40,52,53,100000
74,78,51,100000
74,78,51,100000
39,99,114,100000
39,99,114,100000
106,127,121,100000
106,127,121,100000
79,94,97,100000
79,94,97,100000
78,93,78,100000
78,93,78,100000
64,88,95,100000
64,88,95,100000
76,110,249,100000
76,110,249,100000
37,40,41,100000
37,40,41,100000
35,47,57,100000
35,47,57,100000
55,99,101,100000
55,99,101,100000
85,77,57,100000
85,77,57,100000
38,49,45,100000
38,49,45,100000
38,52,54,100000
38,52,54,100000
49,54,46,100000
49,54,46,100000
38,47,43,100000
38,47,43,100000
35,46,36,100000
35,46,36,100000
31,37,51,100000
31,37,51,100000
84,92,86,100000
84,92,86,100000
47,75,57,100000
47,75,57,100000
58,75,67,100000
58,75,67,100000
57,111,114,100000
57,111,114,100000
45,46,78,100000
45,46,78,100000
109,132,108,100000
109,132,108,100000
61,77,77,100000
61,77,77,100000
106,133,85,100000
106,133,85,100000
44,84,116,100000
44,84,116,100000
105,123,114,100000
105,123,114,100000
93,119,110,100000
93,119,110,100000
94,86,62,100000
94,86,62,100000
78,91,98,100000
78,91,98,100000
57,54,56,100000
57,54,56,100000
53,67,74,100000
53,67,74,100000
58,71,74,100000
58,71,74,100000
71,107,88,100000
71,107,88,100000
69,78,65,100000
69,78,65,100000
60,75,75,100000
60,75,75,100000
71,144,240,100000
71,144,240,100000
40,87,90,100000
40,87,90,100000
54,86,78,100000
54,86,78,100000
78,104,86,100000
78,104,86,100000
62,77,71,100000
62,77,71,100000
75,85,82,100000
75,85,82,100000
73,93,97,100000
73,93,97,100000
78,45,44,100000
78,45,44,100000
40,57,71,100000
40,57,71,100000
89,98,62,100000
89,98,62,100000
36,48,65,100000
36,48,65,100000
80,118,125,100000
80,118,125,100000
68,44,41,100000
68,44,41,100000
49,86,113,100000
49,86,113,100000
77,71,66,100000
77,71,66,100000
74,97,105,100000
74,97,105,100000
79,53,48,100000
79,53,48,100000
90,118,107,100000
90,118,107,100000
45,55,51,100000
45,55,51,100000
83,95,60,100000
83,95,60,100000
41,51,88,100000
41,51,88,100000
84,81,44,100000
84,81,44,100000
41,103,113,100000
41,103,113,100000
83,51,51,100000
83,51,51,100000
56,92,88,100000
56,92,88,100000
44,42,54,100000
44,42,54,100000
91,105,65,100000
91,105,65,100000
33,40,60,100000
33,40,60,100000
48,40,34,100000
48,40,34,100000
32,47,46,100000
32,47,46,100000
41,49,63,100000
41,49,63,100000
51,80,79,100000
51,80,79,100000
84,96,85,100000
84,96,85,100000
80,97,100,100000
80,97,100,100000
96,121,99,100000
96,121,99,100000
102,109,87,100000
102,109,87,100000
65,70,71,100000
65,70,71,100000
72,99,84,100000
72,99,84,100000
79,79,62,100000
79,79,62,100000
61,71,70,100000
61,71,70,100000
63,79,79,100000
63,79,79,100000
54,51,47,100000
54,51,47,100000
63,80,71,100000
63,80,71,100000
53,76,87,100000
53,76,87,100000
90,103,97,100000
90,103,97,100000
85,82,61,100000
85,82,61,100000
57,74,91,100000
57,74,91,100000